Time Scale Separation Analysis Task

Problem Description:
    StepNumber: 100
    StepSize: 0.01
    Duration: 1
    TimeSeriesRequested: 1
    OutputStartTime: 0

Method: ILDM (LSODA,Deuflhard)
    Deuflhard Tolerance: 0.0001



Time Scale Separation Analysis Result:

Problem Description:
    StepNumber: 100
    StepSize: 0.01
    Duration: 1
    TimeSeriesRequested: 1
    OutputStartTime: 0

**************** Time step 1: 0.01 s **************************  

Contribution of species to modes
Rows : contribution to  mode (TS - corresponding timescale)
Columns: species     ACh   IntermediateACh   ActiveACh   BasalACh   DesensitisedACh   IntermediateACh2   Active   Intermediate   ActiveACh2   Desensitised   DesensitisedACh2
  Slow (20.9295):  0.0017462 0.142107 0.000687071 0.00131661 33.1892 0.140364 0.000639923 0.143798 0.00168505 33.1911 33.1874
  Fast (0.0849213):  30.4702 0.117796 0.266597 5.75041 0.0987339 22.4663 0.000649135 0.000153691 22.3164 0.000131645 18.5126
  Fast (0.00180576):  38.4232 0.0505316 0.0473696 6.04901 0.0444435 8.40219 0.000696995 7.73491e-05 38.6493 5.92585e-05 8.3331
  Fast (0.000664894):  3.07364 1.1792 0.303813 9.58152 61.3434 8.00517 0.00130383 0.0031918 8.01901 0.163642 8.32606
  Fast (0.000664121):  2.74418 61.133 0.232619 8.52264 5.51242 7.44746 0.00108615 0.162853 7.13689 0.0146494 7.09222
  Fast (0.000332447):  4.67919 1.33189 0.481316 17.43 1.50991 2.72555 0.00242465 0.0174229 3.10016 65.9961 2.72606
  Fast (0.00033203):  4.22751 1.37127 0.480014 15.7333 1.18875 2.46666 0.0200269 64.3757 2.8047 4.86585 2.4662
  Fast (0.000234731):  5.98191 2.32526 52.924 5.75635 2.28899 7.85049 0.0468837 3.31676 8.3861 3.27265 7.85062
  Fast (8.32792e-05):  9.37515 3.33056 8.55511 37.7836 3.32861 4.70921 0.0180305 11.3758 5.44817 11.3665 4.70927
  Fast (7.2339e-05):  0.0484266 0.0367334 0.132683 0.0177415 0.0367582 0.0843798 99.4386 0.0235112 0.0859164 0.0108635 0.0843798
  Fast (2.12316e-05):  8.95305 9.00796 8.95168 9.73911 9.00796 17.9662 0.0709542 0.0497376 18.2375 0.0497395 17.9662

Modes distribution for species
Rows: Mode distribution for each species
Columns: Modes (TS - corresponding  timescale)
  Slow (20.9295)  Fast (0.0849213)  Fast (0.00180576)  Fast (0.000664894)  Fast (0.000664121)  Fast (0.000332447)  Fast (0.00033203)  Fast (0.000234731)  Fast (8.32792e-05)  Fast (7.2339e-05)  Fast (2.12316e-05)
  ACh  1.67481  28.3056  31.8679  0.311049  2.44381  5.37951  2.80119  5.23171  9.26703  0.0249218  12.6925
  IntermediateACh  0.25997  0.313908  0.117733  1.62046  69.0872  1.04137  1.48801  3.03574  5.48913  0.0268342  17.5197
  ActiveACh  0.0228872  0.380095  0.0643684  0.310763  0.265918  0.465034  0.509712  67.2211  13.708  0.0943369  16.9578
  BasalACh  0.309982  5.22477  4.91806  6.41362  6.14599  11.0188  10.6306  4.60506  38.6805  0.00849632  12.0441
  DesensitisedACh  0.269763  0.00130102  0.000423617  66.2881  5.95608  1.88358  1.21401  2.80129  5.14128  0.0251775  16.419
  IntermediateACh2  13.0187  15.871  5.53029  12.4313  5.73237  18.1831  0.174123  4.90188  2.00425  0.0357181  22.1172
  Active  7.76314e-05  0.00130538  0.00125402  0.0019497  0.00173108  0.00341659  0.0298871  0.0839516  0.0407305  99.6464  0.189337
  Intermediate  0.000376323  0.000448996  0.000184264  0.00432103  0.199948  0.0202384  74.9592  4.63382  20.0592  0.0183802  0.103869
  ActiveACh2  1.21205  19.6914  29.909  4.12528  5.2606  3.59938  1.75689  6.8023  5.03252  0.039633  22.571
  Desensitised  0.000383468  1.84956e-06  6.01553e-07  0.188963  0.0169769  70.9483  5.37744  4.33964  19.0224  0.0080608  0.0978516
  DesensitisedACh2  21.4759  0.103567  0.0337552  28.3056  2.45123  27.5753  2.53804  0.509802  9.81416  0.00722398  7.18553

Slow space
Rows: Species
Column: Contribution to slow space
  1 slow; 10 fast
  ACh  0.0017462
  IntermediateACh  0.142107
  ActiveACh  0.000687071
  BasalACh  0.00131661
  DesensitisedACh  33.1892
  IntermediateACh2  0.140364
  Active  0.000639923
  Intermediate  0.143798
  ActiveACh2  0.00168505
  Desensitised  33.1911
  DesensitisedACh2  33.1874

Fast space
Rows: Species
Column: Contribution to fast space
  1 slow; 10 fast
  ACh  11.8687
  IntermediateACh  7.82698
  ActiveACh  7.98818
  BasalACh  12.5508
  DesensitisedACh  8.18564
  IntermediateACh2  9.40998
  Active  5.66443
  Intermediate  7.26092
  ActiveACh2  12.6588
  Desensitised  7.6505
  DesensitisedACh2  8.93517

Reactions slow space
Rows: Reactions
Column: Contribution to slow space 
  React0  -0.000431368
  React1  -0.00307549
  React2  0.00169203
  React3  -0.00170608
  React4  -0.000751314
  React5  0.000642572
  React6  -0.000632144
  React7  -0.00345153
  React8  -0.00350347
  React9  0.143751
  React10  0.142005
  React11  0.139253
  React12  -0.0035929
  React13  -0.0035929
  React14  33.1841
  React15  33.184
  React16  33.1839


**************** Time step 2: 0.02 s **************************  

Contribution of species to modes
Rows : contribution to  mode (TS - corresponding timescale)
Columns: species     ACh   IntermediateACh   ActiveACh   BasalACh   DesensitisedACh   IntermediateACh2   Active   Intermediate   ActiveACh2   Desensitised   DesensitisedACh2
  Slow (21.0691):  0.00210777 0.155402 0.000666563 0.00162559 33.1756 0.15331 0.00068263 0.15743 0.00204231 33.1778 33.1734
  Fast (0.0930293):  34.3476 0.134184 0.245206 5.29379 0.106564 22.3507 0.000725202 0.000200521 19.7902 0.000160116 17.7307
  Fast (0.00200496):  34.6705 0.0654014 0.0330672 4.1584 0.062894 10.5472 0.000609149 0.000103916 39.997 9.44995e-05 10.4648
  Fast (0.000749013):  3.24278 2.17934 0.304256 8.48143 62.0274 7.71586 0.00130911 0.00647457 7.75291 0.186469 8.10177
  Fast (0.00074798):  3.24885 62.066 0.264241 8.48923 2.13941 8.11155 0.00122391 0.186301 7.76089 0.00635932 7.72595
  Fast (0.000374507):  3.93158 1.0819 0.528946 16.8525 1.28721 2.65008 0.00263125 0.0183481 3.04504 67.951 2.65073
  Fast (0.000373979):  3.58914 1.18408 0.519843 15.373 0.972974 2.42246 0.0204939 66.3206 2.78245 4.39318 2.42186
  Fast (0.000244679):  5.81053 2.24357 51.2618 7.27737 2.21109 7.87036 0.0461864 3.48949 8.46427 3.45481 7.8705
  Fast (8.72582e-05):  8.22838 3.05866 10.032 39.082 3.05433 4.69314 0.0185235 10.8154 5.51666 10.8077 4.6932
  Fast (7.41534e-05):  0.0369188 0.0268283 0.124181 0.00857319 0.0268775 0.0635304 99.5504 0.024591 0.064736 0.00982533 0.0635304
  Fast (2.12621e-05):  8.98024 9.01302 8.96345 9.65744 9.01978 17.9874 0.055045 0.0386648 18.2594 0.0382601 17.9874

Modes distribution for species
Rows: Mode distribution for each species
Columns: Modes (TS - corresponding  timescale)
  Slow (21.0691)  Fast (0.0930293)  Fast (0.00200496)  Fast (0.000749013)  Fast (0.00074798)  Fast (0.000374507)  Fast (0.000373979)  Fast (0.000244679)  Fast (8.72582e-05)  Fast (7.41534e-05)  Fast (2.12621e-05)
  ACh  2.12263  31.2548  29.6149  0.100735  2.77057  5.43524  2.31147  5.30362  7.86289  0.0194351  13.2037
  IntermediateACh  0.29304  0.342296  0.16188  2.10662  69.4669  0.713539  1.25941  3.02396  4.97489  0.0197067  17.6377
  ActiveACh  0.0232585  0.335546  0.035635  0.302964  0.290859  0.491962  0.529166  65.6989  15.5061  0.086776  16.6988
  BasalACh  0.327147  4.80162  3.56014  5.71211  6.15595  10.6033  10.3598  6.12433  40.1252  0.00432143  12.2261
  DesensitisedACh  0.319141  0.00160444  0.000703843  69.6469  2.34824  1.7551  1.01279  2.89909  4.83129  0.0192157  17.1659
  IntermediateACh2  13.0234  15.216  7.07518  12.6344  5.08166  18.2162  0.000319725  4.96176  1.62955  0.026346  22.1351
  Active  9.7157e-05  0.00142324  0.00112676  0.00192167  0.00191943  0.00360027  0.0298298  0.0848395  0.0410308  99.6873  0.14689
  Intermediate  0.000478459  0.00055743  0.000272452  0.0073446  0.226891  0.0210646  75.7912  5.03261  18.8188  0.0193311  0.0814161
  ActiveACh2  1.22086  17.2004  31.7495  3.9386  5.59052  3.55433  1.73252  7.09991  5.08172  0.0300669  22.8016
  Desensitised  0.000494394  2.48473e-06  1.09144e-06  0.216438  0.00729519  72.1934  4.79233  4.75629  17.9504  0.00737303  0.0759653
  DesensitisedACh2  22.0033  0.110653  0.0484755  29.0357  0.876475  28.4218  2.21019  0.678152  9.27183  0.00464664  7.33875

Slow space
Rows: Species
Column: Contribution to slow space
  1 slow; 10 fast
  ACh  0.00210777
  IntermediateACh  0.155402
  ActiveACh  0.000666563
  BasalACh  0.00162559
  DesensitisedACh  33.1756
  IntermediateACh2  0.15331
  Active  0.00068263
  Intermediate  0.15743
  ActiveACh2  0.00204231
  Desensitised  33.1778
  DesensitisedACh2  33.1734

Fast space
Rows: Species
Column: Contribution to fast space
  1 slow; 10 fast
  ACh  11.7551
  IntermediateACh  7.8874
  ActiveACh  8.17604
  BasalACh  12.3528
  DesensitisedACh  7.8765
  IntermediateACh2  9.64621
  Active  5.70191
  Intermediate  7.26344
  ActiveACh2  12.6278
  Desensitised  7.60951
  DesensitisedACh2  9.10324

Reactions slow space
Rows: Reactions
Column: Contribution to slow space 
  React0  -0.000484362
  React1  -0.0037502
  React2  0.00205152
  React3  -0.00213342
  React4  -0.000735325
  React5  0.000685709
  React6  -0.000963348
  React7  -0.00415464
  React8  -0.00421871
  React9  0.157454
  React10  0.155433
  React11  0.151949
  React12  -0.00432929
  React13  -0.00432883
  React14  33.1693
  React15  33.1691
  React16  33.169


**************** Time step 3: 0.03 s **************************  

Contribution of species to modes
Rows : contribution to  mode (TS - corresponding timescale)
Columns: species     ACh   IntermediateACh   ActiveACh   BasalACh   DesensitisedACh   IntermediateACh2   Active   Intermediate   ActiveACh2   Desensitised   DesensitisedACh2
  Slow (21.0884):  0.00215884 0.15722 0.000668895 0.00166678 33.1737 0.155085 0.00069123 0.15929 0.00209146 33.176 33.1715
  Fast (0.0941448):  34.768 0.137188 0.244953 5.289 0.106852 22.3415 0.000735869 0.000209603 19.4814 0.000161904 17.6299
  Fast (0.00203002):  34.2158 0.0637483 0.0375629 4.02682 0.0647574 10.7693 0.00060205 9.70041e-05 40.1359 9.81147e-05 10.6852
  Fast (0.000755303):  3.09897 4.48832 0.290598 8.02738 61.4584 7.3284 0.0012519 0.0135182 7.37874 0.186313 7.72807
  Fast (0.000754212):  3.40829 62.3929 0.277096 8.81844 0.229052 8.47072 0.00128451 0.188861 8.11836 0.000768433 8.09423
  Fast (0.000377653):  3.88681 1.06439 0.529082 16.8007 1.27341 2.6411 0.00264336 0.018421 3.03679 68.1049 2.64177
  Fast (0.000377116):  3.55168 1.17097 0.519777 15.3395 0.959117 2.41679 0.0205338 66.4714 2.77775 4.35632 2.41618
  Fast (0.000245361):  5.80287 2.24142 51.157 7.37877 2.20574 7.87191 0.0461413 3.49457 8.46956 3.45992 7.87206
  Fast (8.75081e-05):  8.16597 3.0384 10.1334 39.1736 3.03697 4.69013 0.0186032 10.7714 5.51906 10.7623 4.69019
  Fast (7.4276e-05):  0.036257 0.0262381 0.123702 0.00797843 0.0262634 0.0623001 99.5571 0.0246435 0.0634868 0.00977316 0.0623001
  Fast (2.12645e-05):  8.98138 9.01404 8.96489 9.65311 9.01418 17.9901 0.0541038 0.0380078 18.2621 0.0380012 17.9901

Modes distribution for species
Rows: Mode distribution for each species
Columns: Modes (TS - corresponding  timescale)
  Slow (21.0884)  Fast (0.0941448)  Fast (0.00203002)  Fast (0.000755303)  Fast (0.000754212)  Fast (0.000377653)  Fast (0.000377116)  Fast (0.000245361)  Fast (8.75081e-05)  Fast (7.4276e-05)  Fast (2.12645e-05)
  ACh  2.17549  31.4756  29.2546  0.261926  2.77763  5.4666  2.276  5.30289  7.75852  0.0190923  13.2316
  IntermediateACh  0.288129  0.337721  0.158333  4.62759  67.6892  0.674285  1.21344  2.95407  4.81771  0.018815  17.2207
  ActiveACh  0.023553  0.333859  0.0411321  0.290473  0.301324  0.490175  0.527517  65.5987  15.6234  0.0863458  16.6835
  BasalACh  0.332293  4.79214  3.46648  5.44641  6.34466  10.5625  10.3366  6.23122  40.2362  0.00405007  12.2475
  DesensitisedACh  0.328782  0.00166071  0.000753906  71.1677  0.314587  1.77917  1.01751  2.95753  4.89784  0.019171  17.5153
  IntermediateACh2  13.0533  15.1734  7.25611  12.8422  4.61145  18.2552  0.0115782  4.97938  1.60615  0.0258433  22.1854
  Active  0.000100032  0.00143993  0.00111742  0.00184823  0.0019953  0.00360662  0.0298305  0.0848903  0.0411469  99.6896  0.144377
  Intermediate  0.000485935  0.000572843  0.000267832  0.0160932  0.228491  0.0211287  75.858  5.05059  18.7249  0.0193818  0.0800868
  ActiveACh2  1.22282  16.9181  31.9864  3.73231  5.75496  3.55239  1.73115  7.13034  5.09013  0.0295429  22.8519
  Desensitised  0.000503522  2.53941e-06  1.16132e-06  0.218647  0.000968861  72.3036  4.74831  4.77622  17.8689  0.00734178  0.0755213
  DesensitisedACh2  22.1627  0.112119  0.0505203  29.2504  0.23366  28.6351  2.19671  0.689537  9.27972  0.00449993  7.38506

Slow space
Rows: Species
Column: Contribution to slow space
  1 slow; 10 fast
  ACh  0.00215884
  IntermediateACh  0.15722
  ActiveACh  0.000668895
  BasalACh  0.00166678
  DesensitisedACh  33.1737
  IntermediateACh2  0.155085
  Active  0.00069123
  Intermediate  0.15929
  ActiveACh2  0.00209146
  Desensitised  33.176
  DesensitisedACh2  33.1715

Fast space
Rows: Species
Column: Contribution to fast space
  1 slow; 10 fast
  ACh  11.7404
  IntermediateACh  8.08088
  ActiveACh  8.18643
  BasalACh  12.3342
  DesensitisedACh  7.70632
  IntermediateACh2  9.6623
  Active  5.70301
  Intermediate  7.261
  ActiveACh2  12.6105
  Desensitised  7.60246
  DesensitisedACh2  9.1125

Reactions slow space
Rows: Reactions
Column: Contribution to slow space 
  React0  -0.000494309
  React1  -0.00384306
  React2  0.002101
  React3  -0.00219112
  React4  -0.000739629
  React5  0.000694382
  React6  -0.00100243
  React7  -0.00424827
  React8  -0.00431363
  React9  0.159322
  React10  0.157265
  React11  0.153691
  React12  -0.00442648
  React13  -0.00442634
  React14  33.1672
  React15  33.1671
  React16  33.1669


**************** Time step 4: 0.04 s **************************  

Contribution of species to modes
Rows : contribution to  mode (TS - corresponding timescale)
Columns: species     ACh   IntermediateACh   ActiveACh   BasalACh   DesensitisedACh   IntermediateACh2   Active   Intermediate   ActiveACh2   Desensitised   DesensitisedACh2
  Slow (21.1055):  0.002204 0.158829 0.000670872 0.00170321 33.1721 0.156655 0.000698825 0.160936 0.00213493 33.1743 33.1698
  Fast (0.0951319):  35.1305 0.139949 0.244737 5.28441 0.107084 22.3351 0.000745105 0.000218041 19.2155 0.000163425 17.5416
  Fast (0.00205168):  33.8267 0.0621471 0.0413589 3.91587 0.066367 10.9588 0.000595934 9.03914e-05 40.2546 0.00010127 10.8734
  Fast (0.000760716):  2.98183 6.40397 0.27918 7.64954 60.9739 7.01062 0.00120415 0.0194554 7.07221 0.186172 7.42189
  Fast (0.000759572):  3.41972 60.4532 0.277835 8.77468 2.17643 8.46748 0.00128919 0.184306 8.12638 0.0067184 8.11201
  Fast (0.00038036):  3.84945 1.04957 0.529255 16.7583 1.26015 2.63396 0.0026535 0.0184871 3.0303 68.2333 2.63464
  Fast (0.000379815):  3.5199 1.15995 0.519732 15.3111 0.945967 2.41184 0.0205679 66.6003 2.77364 4.32579 2.41122
  Fast (0.000245943):  5.79576 2.23946 51.0677 7.46497 2.20402 7.87258 0.0461025 3.4987 8.47341 3.46459 7.87273
  Fast (8.77211e-05):  8.11275 3.02124 10.2201 39.2525 3.01904 4.68739 0.0186724 10.7345 5.52096 10.7254 4.68746
  Fast (7.43802e-05):  0.0356986 0.0257402 0.123298 0.00747691 0.0257653 0.0612621 99.5626 0.0246875 0.0624329 0.00973105 0.0612621
  Fast (2.12665e-05):  8.98189 9.01445 8.96566 9.64894 9.0144 17.9914 0.0533104 0.0374549 18.2636 0.0374591 17.9914

Modes distribution for species
Rows: Mode distribution for each species
Columns: Modes (TS - corresponding  timescale)
  Slow (21.1055)  Fast (0.0951319)  Fast (0.00205168)  Fast (0.000760716)  Fast (0.000759572)  Fast (0.00038036)  Fast (0.000379815)  Fast (0.000245943)  Fast (8.77211e-05)  Fast (7.43802e-05)  Fast (2.12665e-05)
  ACh  2.22243  31.6631  28.9468  0.398126  2.77735  5.49685  2.2462  5.30249  7.66995  0.0188057  13.2579
  IntermediateACh  0.284395  0.334513  0.155358  6.6649  66.2316  0.643107  1.1773  2.89979  4.69426  0.0181092  16.8967
  ActiveACh  0.0238143  0.332394  0.045772  0.27957  0.309713  0.488723  0.526133  65.5146  15.7233  0.0859847  16.6701
  BasalACh  0.336863  4.78375  3.38739  5.21606  6.49565  10.5307  10.3184  6.32359  40.3364  0.00382117  12.2673
  DesensitisedACh  0.324195  0.00164267  0.000770899  69.6052  2.54691  1.72885  0.980474  2.89571  4.75833  0.0184034  17.1395
  IntermediateACh2  13.0813  15.1381  7.41255  13.0028  4.20939  18.2923  0.0218308  4.99586  1.58601  0.0254259  22.2344
  Active  0.000102586  0.00145419  0.00110929  0.00178388  0.00205711  0.00361171  0.0298309  0.0849332  0.041247  99.6916  0.142261
  Intermediate  0.000492337  0.000586912  0.000262896  0.0235858  0.229612  0.0211882  75.9148  5.0657  18.6454  0.0194245  0.0789692
  ActiveACh2  1.2246  16.6756  32.1911  3.55765  5.8889  3.55154  1.73012  7.15678  5.09768  0.0291032  22.897
  Desensitised  0.000511379  2.58176e-06  1.23209e-06  0.220262  0.00806198  72.3859  4.7111  4.793  17.7994  0.00731577  0.0744883
  DesensitisedACh2  21.9772  0.111759  0.0515645  28.9752  1.16482  28.4018  2.15323  0.68784  9.15092  0.00431664  7.32132

Slow space
Rows: Species
Column: Contribution to slow space
  1 slow; 10 fast
  ACh  0.002204
  IntermediateACh  0.158829
  ActiveACh  0.000670872
  BasalACh  0.00170321
  DesensitisedACh  33.1721
  IntermediateACh2  0.156655
  Active  0.000698825
  Intermediate  0.160936
  ActiveACh2  0.00213493
  Desensitised  33.1743
  DesensitisedACh2  33.1698

Fast space
Rows: Species
Column: Contribution to fast space
  1 slow; 10 fast
  ACh  11.6917
  IntermediateACh  8.21301
  ActiveACh  8.17065
  BasalACh  12.2796
  DesensitisedACh  7.85272
  IntermediateACh2  9.64572
  Active  5.68689
  Intermediate  7.23719
  ActiveACh2  12.5562
  Desensitised  7.57487
  DesensitisedACh2  9.09142

Reactions slow space
Rows: Reactions
Column: Contribution to slow space 
  React0  -0.000503092
  React1  -0.0039252
  React2  0.00214476
  React3  -0.00224223
  React4  -0.000743343
  React5  0.000702044
  React6  -0.00103709
  React7  -0.00433094
  React8  -0.00439746
  React9  0.160975
  React10  0.158886
  React11  0.155232
  React12  -0.00451232
  React13  -0.00451233
  React14  33.1654
  React15  33.1653
  React16  33.1651


**************** Time step 5: 0.05 s **************************  

Contribution of species to modes
Rows : contribution to  mode (TS - corresponding timescale)
Columns: species     ACh   IntermediateACh   ActiveACh   BasalACh   DesensitisedACh   IntermediateACh2   Active   Intermediate   ActiveACh2   Desensitised   DesensitisedACh2
  Slow (21.1216):  0.00224657 0.160345 0.000672646 0.00173758 33.1705 0.158136 0.000705972 0.162487 0.00217593 33.1728 33.1682
  Fast (0.0960634):  35.4648 0.142541 0.244513 5.27962 0.107285 22.3305 0.000753639 0.00022604 18.9707 0.000164816 17.4589
  Fast (0.00207169):  33.4703 0.0607091 0.0448298 3.81535 0.0678541 11.132 0.000590275 8.43113e-05 40.363 0.000104213 11.0452
  Fast (0.000765714):  2.88333 8.01174 0.269653 7.33354 60.5672 6.74343 0.0011642 0.0245173 6.81451 0.186147 7.16479
  Fast (0.00076452):  3.43021 58.8882 0.278381 8.73469 3.74846 8.46568 0.00129322 0.180719 8.13366 0.011593 8.12713
  Fast (0.000382859):  3.81527 1.03603 0.529252 16.7187 1.24848 2.62735 0.00266269 0.0185453 3.02426 68.3514 2.62803
  Fast (0.000382308):  3.49081 1.14987 0.51966 15.2844 0.934324 2.40727 0.0205993 66.719 2.7698 4.29764 2.40664
  Fast (0.000246475):  5.78913 2.2378 50.9863 7.54393 2.20218 7.87331 0.046067 3.50223 8.47707 3.46852 7.87346
  Fast (8.79163e-05):  8.06394 3.00544 10.2998 39.3244 3.00352 4.68495 0.0187365 10.7002 5.52277 10.6912 4.68502
  Fast (7.44754e-05):  0.0351938 0.0252901 0.122934 0.00702404 0.025314 0.0603237 99.5677 0.0247277 0.0614801 0.00969262 0.0603237
  Fast (2.12683e-05):  8.98236 9.01483 8.96636 9.64517 9.01447 17.9927 0.0525932 0.0369542 18.2649 0.036977 17.9927

Modes distribution for species
Rows: Mode distribution for each species
Columns: Modes (TS - corresponding  timescale)
  Slow (21.1216)  Fast (0.0960634)  Fast (0.00207169)  Fast (0.000765714)  Fast (0.00076452)  Fast (0.000382859)  Fast (0.000382308)  Fast (0.000246475)  Fast (8.79163e-05)  Fast (7.44754e-05)  Fast (2.12683e-05)
  ACh  2.26683  31.8343  28.666  0.519006  2.77317  5.52676  2.21922  5.30258  7.58949  0.0185486  13.2841
  IntermediateACh  0.281614  0.332311  0.153046  8.33666  65.0226  0.616767  1.14753  2.85723  4.5936  0.0175221  16.6411
  ActiveACh  0.0240586  0.330995  0.0500143  0.270111  0.316492  0.487233  0.524839  65.4379  15.8147  0.0856592  16.658
  BasalACh  0.34116  4.7755  3.31548  5.01677  6.61667  10.5017  10.3021  6.40909  40.4313  0.00361412  12.2866
  DesensitisedACh  0.320815  0.00162881  0.000790665  68.3137  4.37166  1.68848  0.950235  2.84659  4.64634  0.017767  16.842
  IntermediateACh2  13.1067  15.104  7.55584  13.1304  3.86398  18.3256  0.0311836  5.01094  1.56759  0.0250467  22.2788
  Active  0.000104998  0.00146718  0.00110168  0.00172766  0.00210825  0.00361609  0.0298314  0.0849716  0.0413401  99.6934  0.140348
  Intermediate  0.000498258  0.000600103  0.000258365  0.0300404  0.230502  0.0212403  75.968  5.07921  18.5722  0.0194638  0.0779579
  ActiveACh2  1.2263  16.4523  32.3796  3.40623  6.00018  3.55089  1.72924  7.18162  5.10502  0.0287068  22.9399
  Desensitised  0.000518704  2.61651e-06  1.30734e-06  0.221586  0.0141826  72.4626  4.67691  4.80796  17.7353  0.00729214  0.0735707
  DesensitisedACh2  21.8285  0.111541  0.052575  28.7293  1.94349  28.2149  2.11592  0.686827  9.04287  0.0041563  7.26991

Slow space
Rows: Species
Column: Contribution to slow space
  1 slow; 10 fast
  ACh  0.00224657
  IntermediateACh  0.160345
  ActiveACh  0.000672646
  BasalACh  0.00173758
  DesensitisedACh  33.1705
  IntermediateACh2  0.158136
  Active  0.000705972
  Intermediate  0.162487
  ActiveACh2  0.00217593
  Desensitised  33.1728
  DesensitisedACh2  33.1682

Fast space
Rows: Species
Column: Contribution to fast space
  1 slow; 10 fast
  ACh  11.6507
  IntermediateACh  8.32118
  ActiveACh  8.15925
  BasalACh  12.2334
  DesensitisedACh  7.97328
  IntermediateACh2  9.63315
  Active  5.67433
  Intermediate  7.2181
  ActiveACh2  12.51
  Desensitised  7.55243
  DesensitisedACh2  9.07417

Reactions slow space
Rows: Reactions
Column: Contribution to slow space 
  React0  -0.000511355
  React1  -0.00400267
  React2  0.00218604
  React3  -0.0022905
  React4  -0.000746744
  React5  0.000709253
  React6  -0.00106989
  React7  -0.00440885
  React8  -0.00447644
  React9  0.162533
  React10  0.160415
  React11  0.156685
  React12  -0.0045932
  React13  -0.00459319
  React14  33.1638
  React15  33.1636
  React16  33.1635


**************** Time step 6: 0.06 s **************************  

Contribution of species to modes
Rows : contribution to  mode (TS - corresponding timescale)
Columns: species     ACh   IntermediateACh   ActiveACh   BasalACh   DesensitisedACh   IntermediateACh2   Active   Intermediate   ActiveACh2   Desensitised   DesensitisedACh2
  Slow (21.1368):  0.00228664 0.161773 0.000674238 0.00176995 33.169 0.15953 0.000712684 0.163948 0.00221451 33.1714 33.1667
  Fast (0.0969406):  35.7729 0.14497 0.244285 5.27474 0.107459 22.3275 0.000761516 0.000233598 18.7455 0.000166089 17.3816
  Fast (0.00209017):  33.144 0.0594168 0.048004 3.72421 0.0692269 11.2901 0.000585046 7.87256e-05 40.4622 0.000106952 11.2021
  Fast (0.000770326):  2.80046 9.37385 0.261553 7.06488 60.2212 6.51748 0.00113026 0.0288704 6.59669 0.186201 6.94767
  Fast (0.000769085):  3.43986 57.6049 0.278785 8.69808 5.03811 8.46489 0.00129671 0.17785 8.14035 0.0156498 8.1402
  Fast (0.000385165):  3.78416 1.0237 0.529303 16.6826 1.23759 2.62134 0.00267115 0.018599 3.01878 68.4592 2.62204
  Fast (0.000384607):  3.4643 1.14072 0.519641 15.2602 0.923459 2.40308 0.0206278 66.8271 2.76629 4.27214 2.40244
  Fast (0.000246961):  5.78282 2.23632 50.912 7.61607 2.20099 7.87389 0.0460344 3.50543 8.48035 3.47207 7.87404
  Fast (8.8095e-05):  8.01915 2.99099 10.373 39.3904 2.98869 4.68265 0.0187958 10.6692 5.52438 10.6601 4.68271
  Fast (7.45624e-05):  0.0347365 0.0248825 0.122605 0.00661429 0.024908 0.0594738 99.5723 0.0247639 0.0606171 0.00965799 0.0594738
  Fast (2.127e-05):  8.98274 9.01513 8.96695 9.64166 9.01513 17.9937 0.0519438 0.036502 18.2659 0.0365024 17.9937

Modes distribution for species
Rows: Mode distribution for each species
Columns: Modes (TS - corresponding  timescale)
  Slow (21.1368)  Fast (0.0969406)  Fast (0.00209017)  Fast (0.000770326)  Fast (0.000769085)  Fast (0.000385165)  Fast (0.000384607)  Fast (0.000246961)  Fast (8.8095e-05)  Fast (7.45624e-05)  Fast (2.127e-05)
  ACh  2.30877  31.9903  28.4097  0.626177  2.76655  5.55627  2.19487  5.30294  7.51618  0.0183172  13.3099
  IntermediateACh  0.279521  0.330821  0.151225  9.72607  64.0088  0.594255  1.1227  2.82327  4.51024  0.0170263  16.4361
  ActiveACh  0.0242867  0.329663  0.0538927  0.261814  0.322019  0.485922  0.523711  65.368  15.8983  0.085365  16.647
  BasalACh  0.345191  4.76739  3.25001  4.84267  6.71448  10.4758  10.2879  6.48794  40.5202  0.00342643  12.305
  DesensitisedACh  0.318309  0.00161764  0.000812525  67.2342  5.88327  1.65501  0.924646  2.80784  4.5529  0.0172338  16.6041
  IntermediateACh2  13.1294  15.0711  7.68694  13.2322  3.56615  18.3554  0.0397708  5.02474  1.5505  0.024702  22.319
  Active  0.000107272  0.00147902  0.00109458  0.00167818  0.00215093  0.00362008  0.0298316  0.0850063  0.041426  99.695  0.138617
  Intermediate  0.000503723  0.000612435  0.000254208  0.0356294  0.231229  0.0212885  76.0166  5.09157  18.5058  0.0194995  0.0770444
  ActiveACh2  1.2279  16.2465  32.5526  3.27537  6.09361  3.55045  1.72853  7.20466  5.11189  0.0283482  22.9802
  Desensitised  0.000525515  2.64391e-06  1.38657e-06  0.222691  0.0194889  72.5328  4.64598  4.82161  17.677  0.0072709  0.072663
  DesensitisedACh2  21.7079  0.111426  0.0535441  28.5104  2.60028  28.0636  2.08358  0.686046  8.95062  0.00401583  7.22849

Slow space
Rows: Species
Column: Contribution to slow space
  1 slow; 10 fast
  ACh  0.00228664
  IntermediateACh  0.161773
  ActiveACh  0.000674238
  BasalACh  0.00176995
  DesensitisedACh  33.169
  IntermediateACh2  0.15953
  Active  0.000712684
  Intermediate  0.163948
  ActiveACh2  0.00221451
  Desensitised  33.1714
  DesensitisedACh2  33.1667

Fast space
Rows: Species
Column: Contribution to fast space
  1 slow; 10 fast
  ACh  11.6158
  IntermediateACh  8.41068
  ActiveACh  8.15104
  BasalACh  12.1939
  DesensitisedACh  8.07346
  IntermediateACh2  9.6237
  Active  5.66443
  Intermediate  7.20266
  ActiveACh2  12.4703
  Desensitised  7.53404
  DesensitisedACh2  9.05995

Reactions slow space
Rows: Reactions
Column: Contribution to slow space 
  React0  -0.000519113
  React1  -0.0040756
  React2  0.00222489
  React3  -0.00233598
  React4  -0.000749858
  React5  0.000716025
  React6  -0.00110084
  React7  -0.0044821
  React8  -0.00455071
  React9  0.164
  React10  0.161854
  React11  0.158053
  React12  -0.00466925
  React13  -0.00466924
  React14  33.1622
  React15  33.162
  React16  33.1619


**************** Time step 7: 0.07 s **************************  

Contribution of species to modes
Rows : contribution to  mode (TS - corresponding timescale)
Columns: species     ACh   IntermediateACh   ActiveACh   BasalACh   DesensitisedACh   IntermediateACh2   Active   Intermediate   ActiveACh2   Desensitised   DesensitisedACh2
  Slow (21.1511):  0.00232424 0.163113 0.000675666 0.00180034 33.1677 0.160839 0.000718973 0.165318 0.00225074 33.17 33.1653
  Fast (0.0977645):  36.0566 0.14724 0.244056 5.26985 0.107611 22.3257 0.000768781 0.000240717 18.5384 0.000167252 17.3095
  Fast (0.0021072):  32.8453 0.0582542 0.0509056 3.64153 0.0704925 11.4346 0.00058022 7.35968e-05 40.5528 0.000109498 11.3454
  Fast (0.000774577):  2.72955 10.5384 0.254643 6.83549 59.9257 6.32401 0.00110133 0.0326449 6.41019 0.186312 6.76197
  Fast (0.000773293):  3.44868 56.5375 0.27909 8.66464 6.11142 8.46476 0.00129977 0.175521 8.14644 0.0190728 8.15158
  Fast (0.000387291):  3.75573 1.01244 0.529308 16.6493 1.22782 2.61579 0.00267888 0.0186481 3.0137 68.5581 2.61649
  Fast (0.000386727):  3.44 1.13236 0.519579 15.2373 0.913654 2.39917 0.0206543 66.9271 2.76299 4.24864 2.39853
  Fast (0.000247407):  5.77695 2.23505 50.8443 7.68212 2.19979 7.87449 0.0460046 3.50811 8.48343 3.47515 7.87464
  Fast (8.82587e-05):  7.97812 2.97774 10.4401 39.4508 2.97543 4.68056 0.0188508 10.6404 5.52588 10.6315 4.68063
  Fast (7.46418e-05):  0.0343225 0.0245136 0.122308 0.00624375 0.0245394 0.0587044 99.5764 0.0247972 0.0598359 0.00962638 0.0587044
  Fast (2.12715e-05):  8.9831 9.01541 8.96751 9.63849 9.01554 17.9947 0.051356 0.0360913 18.267 0.0360856 17.9947

Modes distribution for species
Rows: Mode distribution for each species
Columns: Modes (TS - corresponding  timescale)
  Slow (21.1511)  Fast (0.0977645)  Fast (0.0021072)  Fast (0.000774577)  Fast (0.000773293)  Fast (0.000387291)  Fast (0.000386727)  Fast (0.000247407)  Fast (8.82587e-05)  Fast (7.46418e-05)  Fast (2.12715e-05)
  ACh  2.34825  32.1322  28.1754  0.722122  2.75836  5.58493  2.17271  5.30353  7.44934  0.0181089  13.335
  IntermediateACh  0.27793  0.329836  0.149772  10.8943  63.1499  0.574773  1.10163  2.79581  4.4402  0.0166026  16.2692
  ActiveACh  0.0244995  0.328403  0.0574364  0.254552  0.326571  0.48468  0.522633  65.3043  15.9748  0.0850993  16.637
  BasalACh  0.348964  4.75945  3.1904  4.69068  6.79435  10.4521  10.2747  6.56065  40.603  0.00325635  12.3224
  DesensitisedACh  0.316437  0.00160812  0.000835951  66.3222  7.15103  1.6272  0.902994  2.77618  4.47506  0.0167793  16.4097
  IntermediateACh2  13.1498  15.0396  7.80677  13.3149  3.30801  18.3819  0.047619  5.03728  1.53478  0.0243882  22.355
  Active  0.000109413  0.0014898  0.00108798  0.00163478  0.00218692  0.0036236  0.029832  0.0850375  0.0415057  99.6964  0.13705
  Intermediate  0.000508768  0.000623945  0.000250399  0.0404969  0.231839  0.0213328  76.0622  5.10256  18.4444  0.0195324  0.0762154
  ActiveACh2  1.22938  16.057  32.7111  3.16117  6.17287  3.55009  1.72786  7.22611  5.11838  0.028024  23.0179
  Desensitised  0.000531844  2.66425e-06  1.46938e-06  0.223635  0.0241155  72.5976  4.61753  4.83391  17.6235  0.00725157  0.0718668
  DesensitisedACh2  21.6089  0.111384  0.0544661  28.316  3.15918  27.9397  2.05525  0.685621  8.8714  0.00389131  7.19424

Slow space
Rows: Species
Column: Contribution to slow space
  1 slow; 10 fast
  ACh  0.00232424
  IntermediateACh  0.163113
  ActiveACh  0.000675666
  BasalACh  0.00180034
  DesensitisedACh  33.1677
  IntermediateACh2  0.160839
  Active  0.000718973
  Intermediate  0.165318
  ActiveACh2  0.00225074
  Desensitised  33.17
  DesensitisedACh2  33.1653

Fast space
Rows: Species
Column: Contribution to fast space
  1 slow; 10 fast
  ACh  11.5857
  IntermediateACh  8.48554
  ActiveACh  8.14521
  BasalACh  12.1599
  DesensitisedACh  8.15761
  IntermediateACh2  9.61659
  Active  5.65657
  Intermediate  7.18997
  ActiveACh2  12.436
  Desensitised  7.51876
  DesensitisedACh2  9.04809

Reactions slow space
Rows: Reactions
Column: Contribution to slow space 
  React0  -0.000526381
  React1  -0.00414407
  React2  0.00226138
  React3  -0.00237874
  React4  -0.000752707
  React5  0.00072237
  React6  -0.00112998
  React7  -0.00455082
  React8  -0.00462038
  React9  0.165377
  React10  0.163205
  React11  0.159337
  React12  -0.00474059
  React13  -0.00474058
  React14  33.1607
  React15  33.1605
  React16  33.1604


**************** Time step 8: 0.08 s **************************  

Contribution of species to modes
Rows : contribution to  mode (TS - corresponding timescale)
Columns: species     ACh   IntermediateACh   ActiveACh   BasalACh   DesensitisedACh   IntermediateACh2   Active   Intermediate   ActiveACh2   Desensitised   DesensitisedACh2
  Slow (21.1645):  0.00235946 0.164369 0.000676947 0.00182881 33.1664 0.162065 0.000724853 0.166603 0.00228467 33.1688 33.1639
  Fast (0.0985366):  36.3175 0.149356 0.243831 5.26501 0.107743 22.325 0.000775473 0.000247404 18.3481 0.000168315 17.2423
  Fast (0.00212288):  32.572 0.0572073 0.053557 3.56652 0.0716577 11.5665 0.000575773 6.88904e-05 40.6355 0.000111857 11.4763
  Fast (0.000778491):  2.66852 11.5412 0.248682 6.63773 59.6718 6.15717 0.00107644 0.035939 6.24939 0.186462 6.60202
  Fast (0.000777167):  3.45672 55.6395 0.279318 8.63406 7.01493 8.46506 0.00130248 0.173609 8.152 0.0219923 8.16154
  Fast (0.000389249):  3.72978 1.00219 0.529338 16.6186 1.21892 2.61068 0.002686 0.0186936 3.00901 68.6488 2.61139
  Fast (0.000388678):  3.41783 1.12476 0.519539 15.2164 0.904706 2.3956 0.0206784 67.0184 2.75997 4.22721 2.39494
  Fast (0.000247814):  5.77147 2.23396 50.7825 7.74246 2.19869 7.87507 0.0459773 3.51051 8.48628 3.47787 7.87521
  Fast (8.84085e-05):  7.94052 2.96561 10.5017 39.5061 2.96325 4.67863 0.0189015 10.6141 5.52724 10.6053 4.6787
  Fast (7.47142e-05):  0.0339474 0.0241794 0.12204 0.00590838 0.0242049 0.0580074 99.5802 0.0248273 0.0591282 0.00959759 0.0580074
  Fast (2.12729e-05):  8.98345 9.0157 8.96803 9.63563 9.01567 17.9957 0.0508236 0.0357198 18.2679 0.035723 17.9957

Modes distribution for species
Rows: Mode distribution for each species
Columns: Modes (TS - corresponding  timescale)
  Slow (21.1645)  Fast (0.0985366)  Fast (0.00212288)  Fast (0.000778491)  Fast (0.000777167)  Fast (0.000389249)  Fast (0.000388678)  Fast (0.000247814)  Fast (8.84085e-05)  Fast (7.47142e-05)  Fast (2.12729e-05)
  ACh  2.3853  32.2611  27.9612  0.808249  2.74926  5.61257  2.15263  5.30423  7.38834  0.0179209  13.3592
  IntermediateACh  0.27671  0.329213  0.148601  11.8859  62.4163  0.557781  1.08361  2.77334  4.38067  0.0162369  16.1317
  ActiveACh  0.0246976  0.327214  0.0606727  0.248152  0.330349  0.483567  0.521668  65.2461  16.0448  0.084859  16.6279
  BasalACh  0.352484  4.75173  3.13609  4.55722  6.86006  10.4305  10.2629  6.62751  40.6797  0.00310208  12.3387
  DesensitisedACh  0.315035  0.00159953  0.00086057  65.5453  8.22491  1.60371  0.8844  2.75012  4.40899  0.0163879  16.2487
  IntermediateACh2  13.1681  15.0095  7.9162  13.3827  3.08333  18.4054  0.0548025  5.04866  1.52028  0.0241024  22.3871
  Active  0.000111421  0.00149963  0.00108185  0.00159651  0.00221749  0.00362679  0.0298322  0.0850657  0.0415791  99.6978  0.135631
  Intermediate  0.000513413  0.00063466  0.000246907  0.0447558  0.232361  0.021374  76.104  5.11255  18.3885  0.0195624  0.0754654
  ActiveACh2  1.23076  15.8828  32.8562  3.06119  6.24067  3.5498  1.7273  7.24597  5.12442  0.0277303  23.0531
  Desensitised  0.000537713  2.67783e-06  1.55533e-06  0.224452  0.0281679  72.6573  4.59163  4.84505  17.5745  0.00723398  0.0711752
  DesensitisedACh2  21.5269  0.111394  0.055338  28.1433  3.63823  27.8371  2.03034  0.68542  8.80265  0.00378042  7.16557

Slow space
Rows: Species
Column: Contribution to slow space
  1 slow; 10 fast
  ACh  0.00235946
  IntermediateACh  0.164369
  ActiveACh  0.000676947
  BasalACh  0.00182881
  DesensitisedACh  33.1664
  IntermediateACh2  0.162065
  Active  0.000724853
  Intermediate  0.166603
  ActiveACh2  0.00228467
  Desensitised  33.1688
  DesensitisedACh2  33.1639

Fast space
Rows: Species
Column: Contribution to fast space
  1 slow; 10 fast
  ACh  11.5597
  IntermediateACh  8.54873
  ActiveACh  8.14113
  BasalACh  12.1305
  DesensitisedACh  8.22886
  IntermediateACh2  9.61127
  Active  5.65028
  Intermediate  7.1795
  ActiveACh2  12.406
  Desensitised  7.50596
  DesensitisedACh2  9.03811

Reactions slow space
Rows: Reactions
Column: Contribution to slow space 
  React0  -0.000533176
  React1  -0.00420821
  React2  0.00229555
  React3  -0.00241883
  React4  -0.000755312
  React5  0.000728304
  React6  -0.00115735
  React7  -0.00461513
  React8  -0.00468559
  React9  0.166667
  React10  0.164471
  React11  0.160541
  React12  -0.00480736
  React13  -0.00480737
  React14  33.1593
  React15  33.1591
  React16  33.159


**************** Time step 9: 0.09 s **************************  

Contribution of species to modes
Rows : contribution to  mode (TS - corresponding timescale)
Columns: species     ACh   IntermediateACh   ActiveACh   BasalACh   DesensitisedACh   IntermediateACh2   Active   Intermediate   ActiveACh2   Desensitised   DesensitisedACh2
  Slow (21.177):  0.00239237 0.165542 0.000678097 0.00185543 33.1652 0.163211 0.000730341 0.167803 0.00231639 33.1676 33.1627
  Fast (0.0992586):  36.5574 0.151327 0.243611 5.26029 0.107858 22.3251 0.000781632 0.000253667 18.1734 0.000169287 17.1798
  Fast (0.00213731):  32.3221 0.0562637 0.055979 3.49845 0.0727291 11.6869 0.000571679 6.4574e-05 40.7111 0.00011404 11.5958
  Fast (0.000782092):  2.61578 12.41 0.243525 6.46643 59.4512 6.01267 0.0010549 0.038829 6.11016 0.186634 6.46365
  Fast (0.000780732):  3.46407 54.8766 0.279492 8.60613 7.78269 8.46568 0.00130488 0.172024 8.15709 0.0245042 8.17036
  Fast (0.00039105):  3.70611 0.992829 0.529333 16.5903 1.21083 2.606 0.00269248 0.0187348 3.00472 68.7317 2.60672
  Fast (0.000390474):  3.39762 1.11783 0.519515 15.1972 0.896566 2.39233 0.0207004 67.1018 2.7572 4.20765 2.39166
  Fast (0.000248186):  5.76636 2.233 50.7262 7.7976 2.19778 7.87559 0.0459523 3.51265 8.4889 3.48025 7.87574
  Fast (8.85456e-05):  7.90607 2.9545 10.5581 39.5566 2.95215 4.67686 0.0189481 10.5901 5.52849 10.5813 4.67693
  Fast (7.47804e-05):  0.0336071 0.0238764 0.121796 0.00560442 0.0239021 0.0573752 99.5836 0.0248546 0.0584863 0.00957146 0.0573752
  Fast (2.12742e-05):  8.98375 9.01593 8.96849 9.63299 9.01601 17.9965 0.0503408 0.0353831 18.2688 0.0353801 17.9965

Modes distribution for species
Rows: Mode distribution for each species
Columns: Modes (TS - corresponding  timescale)
  Slow (21.177)  Fast (0.0992586)  Fast (0.00213731)  Fast (0.000782092)  Fast (0.000780732)  Fast (0.00039105)  Fast (0.000390474)  Fast (0.000248186)  Fast (8.85456e-05)  Fast (7.47804e-05)  Fast (2.12742e-05)
  ACh  2.41999  32.378  27.7655  0.885626  2.73972  5.63907  2.13442  5.305  7.33266  0.0177509  13.3822
  IntermediateACh  0.275771  0.32885  0.147647  12.7344  61.7851  0.542847  1.06805  2.75474  4.32958  0.0159187  16.0171
  ActiveACh  0.0248815  0.326098  0.0636272  0.242522  0.33351  0.482517  0.520802  65.193  16.1087  0.0846413  16.6197
  BasalACh  0.355759  4.74424  3.0866  4.43989  6.91452  10.4107  10.2522  6.68892  40.7503  0.00296194  12.3539
  DesensitisedACh  0.313982  0.00159138  0.000886089  64.8778  9.14206  1.5837  0.868312  2.72852  4.35249  0.0160488  16.1146
  IntermediateACh2  13.1843  14.9808  8.01607  13.4384  2.88705  18.4262  0.0613697  5.059  1.50693  0.023842  22.416
  Active  0.000113301  0.00150858  0.00107617  0.00156274  0.00224364  0.0036296  0.0298324  0.0850911  0.0416468  99.699  0.134344
  Intermediate  0.000517686  0.000644616  0.000243709  0.0484984  0.232815  0.0214112  76.1423  5.12163  18.3375  0.0195897  0.0747858
  ActiveACh2  1.23204  15.7226  32.9888  2.97364  6.29911  3.54956  1.72681  7.26428  5.13004  0.0274639  23.0857
  Desensitised  0.000543148  2.68501e-06  1.64405e-06  0.225167  0.0317314  72.712  4.56805  4.85511  17.5296  0.00721805  0.0705195
  DesensitisedACh2  21.4583  0.111442  0.0561582  27.9897  4.05138  27.7514  2.00832  0.685309  8.74264  0.0036816  7.14166

Slow space
Rows: Species
Column: Contribution to slow space
  1 slow; 10 fast
  ACh  0.00239237
  IntermediateACh  0.165542
  ActiveACh  0.000678097
  BasalACh  0.00185543
  DesensitisedACh  33.1652
  IntermediateACh2  0.163211
  Active  0.000730341
  Intermediate  0.167803
  ActiveACh2  0.00231639
  Desensitised  33.1676
  DesensitisedACh2  33.1627

Fast space
Rows: Species
Column: Contribution to fast space
  1 slow; 10 fast
  ACh  11.5368
  IntermediateACh  8.60248
  ActiveACh  8.13833
  BasalACh  12.1048
  DesensitisedACh  8.28969
  IntermediateACh2  9.60734
  Active  5.6452
  Intermediate  7.17076
  ActiveACh2  12.3797
  Desensitised  7.49513
  DesensitisedACh2  9.02966

Reactions slow space
Rows: Reactions
Column: Contribution to slow space 
