Time Scale Separation Analysis Task

Problem Description:
    StepNumber: 100
    StepSize: 0.01
    Duration: 1
    TimeSeriesRequested: 1
    OutputStartTime: 0

Method: ILDM (LSODA,Deuflhard)
    Deuflhard Tolerance: 0.0001



Time Scale Separation Analysis Result:

Problem Description:
    StepNumber: 100
    StepSize: 0.01
    Duration: 1
    TimeSeriesRequested: 1
    OutputStartTime: 0

**************** Time step 1: 0.01 s **************************  

Contribution of species to modes
Rows : contribution to  mode (TS - corresponding timescale)
Columns: species     ACh   IntermediateACh   ActiveACh   BasalACh   DesensitisedACh   IntermediateACh2   Active   Intermediate   ActiveACh2   Desensitised   DesensitisedACh2
  Slow (20.9295):  0.0017462 0.142107 0.000687071 0.00131661 33.1892 0.140364 0.000639923 0.143798 0.00168505 33.1911 33.1874
  Fast (0.0849213):  30.4702 0.117796 0.266597 5.75041 0.0987339 22.4663 0.000649135 0.000153691 22.3164 0.000131645 18.5126
  Fast (0.00180576):  38.4232 0.0505316 0.0473696 6.04901 0.0444435 8.40219 0.000696995 7.73491e-05 38.6493 5.92585e-05 8.3331
  Fast (0.000664894):  3.07364 1.1792 0.303813 9.58152 61.3434 8.00517 0.00130383 0.0031918 8.01901 0.163642 8.32606
  Fast (0.000664121):  2.74418 61.133 0.232619 8.52264 5.51242 7.44746 0.00108615 0.162853 7.13689 0.0146494 7.09222
  Fast (0.000332447):  4.67919 1.33189 0.481316 17.43 1.50991 2.72555 0.00242465 0.0174229 3.10016 65.9961 2.72606
  Fast (0.00033203):  4.22751 1.37127 0.480014 15.7333 1.18875 2.46666 0.0200269 64.3757 2.8047 4.86585 2.4662
  Fast (0.000234731):  5.98191 2.32526 52.924 5.75635 2.28899 7.85049 0.0468837 3.31676 8.3861 3.27265 7.85062
  Fast (8.32792e-05):  9.37515 3.33056 8.55511 37.7836 3.32861 4.70921 0.0180305 11.3758 5.44817 11.3665 4.70927
  Fast (7.2339e-05):  0.0484266 0.0367334 0.132683 0.0177415 0.0367582 0.0843798 99.4386 0.0235112 0.0859164 0.0108635 0.0843798
  Fast (2.12316e-05):  8.95305 9.00796 8.95168 9.73911 9.00796 17.9662 0.0709542 0.0497376 18.2375 0.0497395 17.9662

Modes distribution for species
Rows: Mode distribution for each species
Columns: Modes (TS - corresponding  timescale)
  Slow (20.9295)  Fast (0.0849213)  Fast (0.00180576)  Fast (0.000664894)  Fast (0.000664121)  Fast (0.000332447)  Fast (0.00033203)  Fast (0.000234731)  Fast (8.32792e-05)  Fast (7.2339e-05)  Fast (2.12316e-05)
  ACh  1.67481  28.3056  31.8679  0.311049  2.44381  5.37951  2.80119  5.23171  9.26703  0.0249218  12.6925
  IntermediateACh  0.25997  0.313908  0.117733  1.62046  69.0872  1.04137  1.48801  3.03574  5.48913  0.0268342  17.5197
  ActiveACh  0.0228872  0.380095  0.0643684  0.310763  0.265918  0.465034  0.509712  67.2211  13.708  0.0943369  16.9578
  BasalACh  0.309982  5.22477  4.91806  6.41362  6.14599  11.0188  10.6306  4.60506  38.6805  0.00849632  12.0441
  DesensitisedACh  0.269763  0.00130102  0.000423617  66.2881  5.95608  1.88358  1.21401  2.80129  5.14128  0.0251775  16.419
  IntermediateACh2  13.0187  15.871  5.53029  12.4313  5.73237  18.1831  0.174123  4.90188  2.00425  0.0357181  22.1172
  Active  7.76314e-05  0.00130538  0.00125402  0.0019497  0.00173108  0.00341659  0.0298871  0.0839516  0.0407305  99.6464  0.189337
  Intermediate  0.000376323  0.000448996  0.000184264  0.00432103  0.199948  0.0202384  74.9592  4.63382  20.0592  0.0183802  0.103869
  ActiveACh2  1.21205  19.6914  29.909  4.12528  5.2606  3.59938  1.75689  6.8023  5.03252  0.039633  22.571
  Desensitised  0.000383468  1.84956e-06  6.01553e-07  0.188963  0.0169769  70.9483  5.37744  4.33964  19.0224  0.0080608  0.0978516
  DesensitisedACh2  21.4759  0.103567  0.0337552  28.3056  2.45123  27.5753  2.53804  0.509802  9.81416  0.00722398  7.18553

Slow space
Rows: Species
Column: Contribution to slow space
  1 slow; 10 fast
  ACh  0.0017462
  IntermediateACh  0.142107
  ActiveACh  0.000687071
  BasalACh  0.00131661
  DesensitisedACh  33.1892
  IntermediateACh2  0.140364
  Active  0.000639923
  Intermediate  0.143798
  ActiveACh2  0.00168505
  Desensitised  33.1911
  DesensitisedACh2  33.1874

Fast space
Rows: Species
Column: Contribution to fast space
  1 slow; 10 fast
  ACh  11.8687
  IntermediateACh  7.82698
  ActiveACh  7.98818
  BasalACh  12.5508
  DesensitisedACh  8.18564
  IntermediateACh2  9.40998
  Active  5.66443
  Intermediate  7.26092
  ActiveACh2  12.6588
  Desensitised  7.6505
  DesensitisedACh2  8.93517

Reactions slow space
Rows: Reactions
Column: Contribution to slow space 
  React0  -0.000431368
  React1  -0.00307549
  React2  0.00169203
  React3  -0.00170608
  React4  -0.000751314
  React5  0.000642572
  React6  -0.000632144
  React7  -0.00345153
  React8  -0.00350347
  React9  0.143751
  React10  0.142005
  React11  0.139253
  React12  -0.0035929
  React13  -0.0035929
  React14  33.1841
  React15  33.184
  React16  33.1839


**************** Time step 2: 0.02 s **************************  

Contribution of species to modes
Rows : contribution to  mode (TS - corresponding timescale)
Columns: species     ACh   IntermediateACh   ActiveACh   BasalACh   DesensitisedACh   IntermediateACh2   Active   Intermediate   ActiveACh2   Desensitised   DesensitisedACh2
  Slow (21.0693):  0.00210777 0.155402 0.000666563 0.00162559 33.1756 0.15331 0.00068263 0.15743 0.00204231 33.1778 33.1734
  Fast (0.0930293):  34.3476 0.134186 0.245206 5.29378 0.106562 22.351 0.0007252 0.000200524 19.7902 0.000160114 17.7304
  Fast (0.00200496):  34.6704 0.0654011 0.0330672 4.1584 0.0628946 10.5472 0.00060915 0.000103915 39.997 9.45003e-05 10.4649
  Fast (0.000749013):  3.23933 2.17601 0.30392 8.47823 62.0579 7.70911 0.00130806 0.00646464 7.74604 0.186561 8.09515
  Fast (0.00074798):  3.24903 62.0652 0.264258 8.48949 2.13872 8.11192 0.00122397 0.186299 7.76126 0.00635722 7.72629
  Fast (0.000374507):  3.93096 1.08221 0.53016 16.8519 1.2872 2.64915 0.00263291 0.0183546 3.04409 67.9536 2.6498
  Fast (0.000373979):  3.58913 1.18418 0.519781 15.3734 0.972773 2.42235 0.0204941 66.321 2.78235 4.39285 2.42175
  Fast (0.000244679):  5.81091 2.244 51.262 7.27675 2.20802 7.87117 0.0461864 3.48944 8.46509 3.45515 7.87131
  Fast (8.72582e-05):  8.22845 3.05907 10.0321 39.084 3.05317 4.69279 0.0185237 10.8158 5.51634 10.8069 4.69285
  Fast (7.41534e-05):  0.036923 0.0268326 0.124185 0.00857775 0.0268448 0.0635389 99.5504 0.024591 0.0647446 0.00982284 0.0635389
  Fast (2.12621e-05):  8.98124 9.01402 8.96445 9.65851 9.00892 17.9894 0.0550512 0.0386693 18.2614 0.0389757 17.9894

Modes distribution for species
Rows: Mode distribution for each species
Columns: Modes (TS - corresponding  timescale)
  Slow (21.0693)  Fast (0.0930293)  Fast (0.00200496)  Fast (0.000749013)  Fast (0.00074798)  Fast (0.000374507)  Fast (0.000373979)  Fast (0.000244679)  Fast (8.72582e-05)  Fast (7.41534e-05)  Fast (2.12621e-05)
  ACh  2.1228  31.2531  29.6134  0.105156  2.77062  5.43482  2.31134  5.30354  7.86232  0.0194357  13.2034
  IntermediateACh  0.293046  0.342303  0.161883  2.10185  69.4684  0.713854  1.25954  3.02456  4.97548  0.0197102  17.6394
  ActiveACh  0.0232593  0.33554  0.0356341  0.302452  0.290877  0.493139  0.529092  65.6978  15.5056  0.0867777  16.6999
  BasalACh  0.327179  4.80181  3.5603  5.70745  6.15647  10.603  10.3604  6.12404  40.1276  0.00432365  12.2274
  DesensitisedACh  0.319216  0.00160481  0.000704003  69.6686  2.34802  1.75545  1.01281  2.89566  4.8304  0.0191964  17.1483
  IntermediateACh2  13.0232  15.2158  7.07507  12.6412  5.08163  18.2154  0.000231972  4.96108  1.62897  0.0263433  22.1311
  Active  9.71598e-05  0.00142323  0.00112676  0.00191917  0.00191955  0.0036025  0.0298299  0.0848389  0.0410301  99.6873  0.146901
  Intermediate  0.000478456  0.000557428  0.000272451  0.00732912  0.22689  0.0210712  75.7912  5.0325  18.819  0.0193311  0.0814224
  ActiveACh2  1.22098  17.2014  31.7515  3.9315  5.59119  3.55393  1.73256  7.10091  5.0816  0.0300723  22.8043
  Desensitised  0.000494396  2.48472e-06  1.09144e-06  0.216455  0.00729283  72.1938  4.79193  4.75673  17.9485  0.00737116  0.0773928
  DesensitisedACh2  22.0047  0.11066  0.0484783  29.0398  0.876213  28.4237  2.21007  0.680072  9.27078  0.00463783  7.33082

Slow space
Rows: Species
Column: Contribution to slow space
  1 slow; 10 fast
  ACh  0.00210777
  IntermediateACh  0.155402
  ActiveACh  0.000666563
  BasalACh  0.00162559
  DesensitisedACh  33.1756
  IntermediateACh2  0.15331
  Active  0.00068263
  Intermediate  0.15743
  ActiveACh2  0.00204231
  Desensitised  33.1778
  DesensitisedACh2  33.1734

Fast space
Rows: Species
Column: Contribution to fast space
  1 slow; 10 fast
  ACh  11.7553
  IntermediateACh  7.88761
  ActiveACh  8.17655
  BasalACh  12.3529
  DesensitisedACh  7.87507
  IntermediateACh2  9.646
  Active  5.70218
  Intermediate  7.26379
  ActiveACh2  12.6277
  Desensitised  7.60989
  DesensitisedACh2  9.10295

Reactions slow space
Rows: Reactions
Column: Contribution to slow space 
  React0  -0.000484362
  React1  -0.0037502
  React2  0.00205152
  React3  -0.00213342
  React4  -0.000735325
  React5  0.000685708
  React6  -0.000963348
  React7  -0.00415464
  React8  -0.00421871
  React9  0.157454
  React10  0.155433
  React11  0.151949
  React12  -0.00432928
  React13  -0.00432962
  React14  33.1693
  React15  33.1691
  React16  33.169


**************** Time step 3: 0.03 s **************************  

Contribution of species to modes
Rows : contribution to  mode (TS - corresponding timescale)
Columns: species     ACh   IntermediateACh   ActiveACh   BasalACh   DesensitisedACh   IntermediateACh2   Active   Intermediate   ActiveACh2   Desensitised   DesensitisedACh2
  Slow (21.0884):  0.00215884 0.15722 0.000668895 0.00166678 33.1737 0.155085 0.00069123 0.15929 0.00209146 33.176 33.1715
  Fast (0.0941448):  34.768 0.137188 0.244953 5.289 0.106852 22.3416 0.000735869 0.000209603 19.4814 0.000161904 17.6299
  Fast (0.00203002):  34.2158 0.0637482 0.0375629 4.02682 0.0647576 10.7693 0.00060205 9.70039e-05 40.1359 9.81151e-05 10.6853
  Fast (0.000755303):  3.09938 4.48784 0.290526 8.02586 61.4591 7.32873 0.00125176 0.0135167 7.37911 0.186315 7.72841
  Fast (0.000754212):  3.40829 62.3933 0.277096 8.81843 0.228641 8.47073 0.00128451 0.188862 8.11836 0.000767188 8.09423
  Fast (0.000377653):  3.88691 1.06444 0.52928 16.8012 1.27295 2.64114 0.00264353 0.0184228 3.03683 68.1044 2.64181
  Fast (0.000377116):  3.55166 1.171 0.519769 15.3395 0.958684 2.41674 0.0205339 66.4718 2.7777 4.35648 2.41612
  Fast (0.000245361):  5.80281 2.2414 51.1569 7.37866 2.2061 7.87183 0.0461412 3.49453 8.46948 3.46014 7.87198
  Fast (8.75081e-05):  8.166 3.0385 10.1334 39.1742 3.03592 4.69005 0.0186033 10.7715 5.51898 10.7627 4.69011
  Fast (7.4276e-05):  0.036257 0.0262381 0.123702 0.00797844 0.0262642 0.0623001 99.5571 0.0246435 0.0634868 0.00977336 0.0623002
  Fast (2.12645e-05):  8.98138 9.01405 8.9649 9.65311 9.01414 17.9901 0.0541039 0.0380077 18.2621 0.0380037 17.9901

Modes distribution for species
Rows: Mode distribution for each species
Columns: Modes (TS - corresponding  timescale)
  Slow (21.0884)  Fast (0.0941448)  Fast (0.00203002)  Fast (0.000755303)  Fast (0.000754212)  Fast (0.000377653)  Fast (0.000377116)  Fast (0.000245361)  Fast (8.75081e-05)  Fast (7.4276e-05)  Fast (2.12645e-05)
  ACh  2.17556  31.4756  29.2546  0.261714  2.77764  5.46678  2.27599  5.30286  7.75847  0.0190924  13.2317
  IntermediateACh  0.28813  0.337723  0.158334  4.62703  67.6895  0.674345  1.21347  2.95406  4.81783  0.018815  17.2207
  ActiveACh  0.0235532  0.333859  0.0411321  0.290391  0.301322  0.490373  0.527506  65.5987  15.6233  0.0863458  16.6835
  BasalACh  0.3323  4.79217  3.46651  5.4453  6.34467  10.563  10.3367  6.23119  40.2366  0.00405011  12.2476
  DesensitisedACh  0.328791  0.00166075  0.000753926  71.1697  0.314127  1.77874  1.01707  2.9581  4.89619  0.019172  17.5157
  IntermediateACh2  13.0533  15.1734  7.25612  12.8421  4.61154  18.2553  0.0116207  4.97939  1.60597  0.0258434  22.1854
  Active  0.000100034  0.00143993  0.00111742  0.00184799  0.00199529  0.00360687  0.0298305  0.0848903  0.0411467  99.6896  0.144377
  Intermediate  0.000485934  0.000572843  0.000267832  0.0160912  0.228491  0.0211308  75.8581  5.05055  18.7249  0.0193818  0.0800868
  ActiveACh2  1.22282  16.9181  31.9864  3.73253  5.75493  3.55244  1.73111  7.13029  5.09002  0.0295428  22.8519
  Desensitised  0.000503518  2.53938e-06  1.16131e-06  0.218646  0.000967412  72.3028  4.74843  4.77649  17.8693  0.00734187  0.0755257
  DesensitisedACh2  22.1628  0.11212  0.0505207  29.2507  0.233469  28.6354  2.1966  0.689467  9.27929  0.00450013  7.38508

Slow space
Rows: Species
Column: Contribution to slow space
  1 slow; 10 fast
  ACh  0.00215884
  IntermediateACh  0.15722
  ActiveACh  0.000668895
  BasalACh  0.00166678
  DesensitisedACh  33.1737
  IntermediateACh2  0.155085
  Active  0.00069123
  Intermediate  0.15929
  ActiveACh2  0.00209146
  Desensitised  33.176
  DesensitisedACh2  33.1715

Fast space
Rows: Species
Column: Contribution to fast space
  1 slow; 10 fast
  ACh  11.7405
  IntermediateACh  8.08087
  ActiveACh  8.18646
  BasalACh  12.3341
  DesensitisedACh  7.70614
  IntermediateACh2  9.66232
  Active  5.70303
  Intermediate  7.26101
  ActiveACh2  12.6105
  Desensitised  7.60254
  DesensitisedACh2  9.11252

Reactions slow space
Rows: Reactions
Column: Contribution to slow space 
  React0  -0.000494309
  React1  -0.00384306
  React2  0.002101
  React3  -0.00219112
  React4  -0.000739629
  React5  0.000694382
  React6  -0.00100243
  React7  -0.00424827
  React8  -0.00431363
  React9  0.159322
  React10  0.157265
  React11  0.153691
  React12  -0.00442648
  React13  -0.00442642
  React14  33.1672
  React15  33.1671
  React16  33.1669


**************** Time step 4: 0.04 s **************************  

Contribution of species to modes
Rows : contribution to  mode (TS - corresponding timescale)
Columns: species     ACh   IntermediateACh   ActiveACh   BasalACh   DesensitisedACh   IntermediateACh2   Active   Intermediate   ActiveACh2   Desensitised   DesensitisedACh2
  Slow (21.1055):  0.002204 0.158829 0.000670872 0.00170321 33.1721 0.156655 0.000698825 0.160936 0.00213493 33.1743 33.1698
  Fast (0.0951319):  35.1305 0.139949 0.244737 5.28441 0.107084 22.3351 0.000745105 0.000218041 19.2155 0.000163425 17.5415
  Fast (0.00205168):  33.8267 0.0621471 0.0413589 3.91587 0.066367 10.9588 0.000595934 9.03913e-05 40.2546 0.00010127 10.8734
  Fast (0.000760716):  2.98193 6.40383 0.279165 7.64922 60.974 7.0107 0.00120415 0.019455 7.07231 0.186172 7.42198
  Fast (0.000759572):  3.41972 60.4533 0.277834 8.77466 2.17631 8.46749 0.00128919 0.184307 8.12638 0.00671801 8.11201
  Fast (0.00038036):  3.84947 1.04959 0.529297 16.7584 1.26005 2.63397 0.00265353 0.0184881 3.03031 68.2332 2.63465
  Fast (0.000379815):  3.51987 1.15995 0.519716 15.311 0.945865 2.41181 0.020568 66.6007 2.7736 4.3258 2.41119
  Fast (0.000245943):  5.79575 2.23946 51.0677 7.46496 2.2041 7.87257 0.0461025 3.49865 8.4734 3.46465 7.87271
  Fast (8.77211e-05):  8.11277 3.02126 10.2202 39.2526 3.01882 4.68738 0.0186725 10.7344 5.52095 10.7255 4.68745
  Fast (7.43802e-05):  0.0356986 0.0257401 0.123298 0.00747684 0.0257654 0.061262 99.5626 0.0246876 0.0624328 0.00973108 0.061262
  Fast (2.12665e-05):  8.98189 9.01445 8.96566 9.64894 9.0144 17.9914 0.0533103 0.0374546 18.2636 0.0374591 17.9914

Modes distribution for species
Rows: Mode distribution for each species
Columns: Modes (TS - corresponding  timescale)
  Slow (21.1055)  Fast (0.0951319)  Fast (0.00205168)  Fast (0.000760716)  Fast (0.000759572)  Fast (0.00038036)  Fast (0.000379815)  Fast (0.000245943)  Fast (8.77211e-05)  Fast (7.43802e-05)  Fast (2.12665e-05)
  ACh  2.22244  31.6631  28.9468  0.398067  2.77735  5.49689  2.24618  5.30249  7.66996  0.0188057  13.2579
  IntermediateACh  0.284395  0.334513  0.155358  6.66474  66.2317  0.64312  1.1773  2.89979  4.69429  0.0181092  16.8967
  ActiveACh  0.0238143  0.332394  0.045772  0.279553  0.309712  0.488765  0.526114  65.5146  15.7232  0.0859846  16.6701
  BasalACh  0.336863  4.78377  3.3874  5.21583  6.49565  10.5308  10.3183  6.32361  40.3366  0.00382115  12.2673
  DesensitisedACh  0.324197  0.00164267  0.000770904  69.6057  2.54678  1.72876  0.980368  2.89583  4.75798  0.0184035  17.1396
  IntermediateACh2  13.0813  15.1381  7.41255  13.0028  4.20942  18.2923  0.0218399  4.99586  1.58597  0.0254259  22.2344
  Active  0.000102586  0.00145419  0.00110929  0.00178388  0.00205711  0.00361175  0.0298309  0.0849331  0.041247  99.6916  0.142261
  Intermediate  0.000492338  0.000586913  0.000262897  0.0235853  0.229612  0.0211894  75.915  5.06563  18.6452  0.0194246  0.0789687
  ActiveACh2  1.2246  16.6756  32.1911  3.55771  5.88889  3.55155  1.73009  7.15677  5.09765  0.0291031  22.897
  Desensitised  0.000511378  2.58175e-06  1.23209e-06  0.220262  0.0080615  72.3857  4.71107  4.79307  17.7995  0.00731579  0.0744882
  DesensitisedACh2  21.9773  0.11176  0.0515646  28.9753  1.16476  28.4019  2.15318  0.687827  9.15084  0.00431666  7.32134

Slow space
Rows: Species
Column: Contribution to slow space
  1 slow; 10 fast
  ACh  0.002204
  IntermediateACh  0.158829
  ActiveACh  0.000670872
  BasalACh  0.00170321
  DesensitisedACh  33.1721
  IntermediateACh2  0.156655
  Active  0.000698825
  Intermediate  0.160936
  ActiveACh2  0.00213493
  Desensitised  33.1743
  DesensitisedACh2  33.1698

Fast space
Rows: Species
Column: Contribution to fast space
  1 slow; 10 fast
  ACh  11.6917
  IntermediateACh  8.21301
  ActiveACh  8.17065
  BasalACh  12.2796
  DesensitisedACh  7.85268
  IntermediateACh2  9.64572
  Active  5.6869
  Intermediate  7.23718
  ActiveACh2  12.5562
  Desensitised  7.57489
  DesensitisedACh2  9.09143

Reactions slow space
Rows: Reactions
Column: Contribution to slow space 
  React0  -0.000503092
  React1  -0.0039252
  React2  0.00214476
  React3  -0.00224223
  React4  -0.000743343
  React5  0.000702044
  React6  -0.00103709
  React7  -0.00433095
  React8  -0.00439746
  React9  0.160975
  React10  0.158886
  React11  0.155232
  React12  -0.00451232
  React13  -0.00451233
  React14  33.1654
  React15  33.1653
  React16  33.1651


**************** Time step 5: 0.05 s **************************  

Contribution of species to modes
Rows : contribution to  mode (TS - corresponding timescale)
Columns: species     ACh   IntermediateACh   ActiveACh   BasalACh   DesensitisedACh   IntermediateACh2   Active   Intermediate   ActiveACh2   Desensitised   DesensitisedACh2
  Slow (21.1216):  0.00224657 0.160345 0.000672646 0.00173758 33.1705 0.158136 0.000705972 0.162487 0.00217593 33.1728 33.1682
  Fast (0.0960634):  35.4648 0.142541 0.244513 5.27962 0.107285 22.3305 0.000753638 0.00022604 18.9707 0.000164816 17.4589
  Fast (0.00207169):  33.4703 0.0607091 0.0448298 3.81535 0.0678541 11.132 0.000590275 8.43113e-05 40.363 0.000104213 11.0452
  Fast (0.000765714):  2.88333 8.01175 0.269653 7.33354 60.5672 6.74342 0.00116416 0.0245173 6.8145 0.186147 7.16478
  Fast (0.00076452):  3.43021 58.8882 0.278381 8.73469 3.74847 8.46567 0.00129322 0.180719 8.13366 0.0115931 8.12713
  Fast (0.000382859):  3.81526 1.03603 0.529252 16.7187 1.24849 2.62735 0.0026627 0.0185448 3.02426 68.3514 2.62803
  Fast (0.000382308):  3.49076 1.14986 0.519637 15.2842 0.934315 2.40723 0.0205995 66.7194 2.76976 4.29759 2.4066
  Fast (0.000246475):  5.78914 2.23779 50.9863 7.54396 2.20217 7.87332 0.046067 3.50216 8.47708 3.46853 7.87346
  Fast (8.79163e-05):  8.06396 3.00544 10.2999 39.3245 3.00353 4.68496 0.0187366 10.7 5.52278 10.6912 4.68503
  Fast (7.44754e-05):  0.0351938 0.0252901 0.122934 0.00702404 0.0253141 0.0603237 99.5677 0.0247279 0.0614801 0.00969263 0.0603237
  Fast (2.12683e-05):  8.98236 9.01484 8.96637 9.64517 9.01446 17.9927 0.0525932 0.0369536 18.2649 0.0369775 17.9927

Modes distribution for species
Rows: Mode distribution for each species
Columns: Modes (TS - corresponding  timescale)
  Slow (21.1216)  Fast (0.0960634)  Fast (0.00207169)  Fast (0.000765714)  Fast (0.00076452)  Fast (0.000382859)  Fast (0.000382308)  Fast (0.000246475)  Fast (8.79163e-05)  Fast (7.44754e-05)  Fast (2.12683e-05)
  ACh  2.26683  31.8343  28.666  0.519012  2.77317  5.52676  2.21918  5.30258  7.5895  0.0185486  13.2841
  IntermediateACh  0.281614  0.332311  0.153046  8.33666  65.0226  0.616767  1.14752  2.85723  4.59361  0.0175221  16.6411
  ActiveACh  0.0240586  0.330995  0.0500143  0.270111  0.316492  0.487233  0.524813  65.4379  15.8147  0.0856592  16.658
  BasalACh  0.34116  4.77551  3.31548  5.01678  6.61668  10.5017  10.3019  6.40913  40.4314  0.00361413  12.2866
  DesensitisedACh  0.320815  0.00162881  0.000790665  68.3137  4.37166  1.68848  0.950221  2.84658  4.64635  0.0177671  16.842
  IntermediateACh2  13.1067  15.104  7.55584  13.1304  3.86397  18.3256  0.0311835  5.01094  1.56759  0.0250467  22.2788
  Active  0.000104997  0.00146718  0.00110168  0.0017276  0.00210825  0.00361611  0.0298315  0.0849715  0.0413402  99.6934  0.140348
  Intermediate  0.00049826  0.000600105  0.000258366  0.0300405  0.230503  0.0212398  75.9684  5.07912  18.5719  0.019464  0.0779569
  ActiveACh2  1.2263  16.4523  32.3796  3.40622  6.00018  3.55089  1.72921  7.18163  5.10503  0.0287068  22.9399
  Desensitised  0.000518704  2.61652e-06  1.30734e-06  0.221586  0.0141826  72.4627  4.67683  4.80797  17.7354  0.00729216  0.0735718
  DesensitisedACh2  21.8285  0.111541  0.052575  28.7293  1.9435  28.2149  2.11588  0.686835  9.04288  0.00415631  7.26991

Slow space
Rows: Species
Column: Contribution to slow space
  1 slow; 10 fast
  ACh  0.00224657
  IntermediateACh  0.160345
  ActiveACh  0.000672646
  BasalACh  0.00173758
  DesensitisedACh  33.1705
  IntermediateACh2  0.158136
  Active  0.000705972
  Intermediate  0.162487
  ActiveACh2  0.00217593
  Desensitised  33.1728
  DesensitisedACh2  33.1682

Fast space
Rows: Species
Column: Contribution to fast space
  1 slow; 10 fast
  ACh  11.6507
  IntermediateACh  8.32119
  ActiveACh  8.15925
  BasalACh  12.2334
  DesensitisedACh  7.97329
  IntermediateACh2  9.63316
  Active  5.67434
  Intermediate  7.21807
  ActiveACh2  12.51
  Desensitised  7.55243
  DesensitisedACh2  9.07417

Reactions slow space
Rows: Reactions
Column: Contribution to slow space 
  React0  -0.000511355
  React1  -0.00400267
  React2  0.00218604
  React3  -0.0022905
  React4  -0.000746744
  React5  0.000709253
  React6  -0.00106989
  React7  -0.00440886
  React8  -0.00447644
  React9  0.162533
  React10  0.160415
  React11  0.156685
  React12  -0.0045932
  React13  -0.0045932
  React14  33.1638
  React15  33.1636
  React16  33.1635


**************** Time step 6: 0.06 s **************************  

Contribution of species to modes
Rows : contribution to  mode (TS - corresponding timescale)
Columns: species     ACh   IntermediateACh   ActiveACh   BasalACh   DesensitisedACh   IntermediateACh2   Active   Intermediate   ActiveACh2   Desensitised   DesensitisedACh2
  Slow (21.1368):  0.00228664 0.161773 0.000674238 0.00176995 33.169 0.15953 0.000712684 0.163948 0.00221451 33.1714 33.1667
  Fast (0.0969406):  35.7729 0.14497 0.244285 5.27474 0.107459 22.3275 0.000761516 0.000233598 18.7455 0.000166089 17.3816
  Fast (0.00209017):  33.144 0.0594168 0.048004 3.72421 0.0692269 11.2901 0.000585046 7.87255e-05 40.4622 0.000106952 11.2021
  Fast (0.000770326):  2.80045 9.37388 0.261553 7.06489 60.2212 6.51748 0.00113023 0.0288704 6.59668 0.186201 6.94766
  Fast (0.000769085):  3.43986 57.6049 0.278785 8.69808 5.03813 8.46489 0.00129671 0.17785 8.14035 0.0156498 8.1402
  Fast (0.000385165):  3.78416 1.0237 0.529302 16.6826 1.23759 2.62134 0.00267116 0.0185987 3.01878 68.4592 2.62203
  Fast (0.000384607):  3.46428 1.14072 0.519631 15.2601 0.923457 2.40307 0.0206279 66.8273 2.76628 4.27211 2.40243
  Fast (0.000246961):  5.78282 2.23632 50.912 7.61608 2.20099 7.87389 0.0460344 3.5054 8.48035 3.47207 7.87404
  Fast (8.8095e-05):  8.01916 2.99099 10.373 39.3904 2.9887 4.68265 0.0187959 10.6691 5.52438 10.6601 4.68272
  Fast (7.45624e-05):  0.0347365 0.0248825 0.122605 0.00661429 0.024908 0.0594738 99.5723 0.024764 0.0606171 0.009658 0.0594738
  Fast (2.127e-05):  8.98274 9.01513 8.96695 9.64167 9.01513 17.9937 0.0519438 0.0365018 18.2659 0.0365025 17.9937

Modes distribution for species
Rows: Mode distribution for each species
Columns: Modes (TS - corresponding  timescale)
  Slow (21.1368)  Fast (0.0969406)  Fast (0.00209017)  Fast (0.000770326)  Fast (0.000769085)  Fast (0.000385165)  Fast (0.000384607)  Fast (0.000246961)  Fast (8.8095e-05)  Fast (7.45624e-05)  Fast (2.127e-05)
  ACh  2.30878  31.9903  28.4097  0.626191  2.76655  5.55628  2.19486  5.30295  7.51618  0.0183173  13.3099
  IntermediateACh  0.279521  0.330821  0.151225  9.7261  64.0088  0.594255  1.12269  2.82327  4.51024  0.0170263  16.4361
  ActiveACh  0.0242868  0.329663  0.0538927  0.261814  0.322019  0.485921  0.5237  65.368  15.8983  0.085365  16.647
  BasalACh  0.345193  4.76739  3.25002  4.84267  6.71449  10.4758  10.2878  6.48795  40.5202  0.00342644  12.305
  DesensitisedACh  0.318309  0.00161764  0.000812524  67.2342  5.88329  1.65501  0.924642  2.80784  4.55291  0.0172338  16.6041
  IntermediateACh2  13.1294  15.0712  7.68694  13.2322  3.56614  18.3554  0.0397707  5.02474  1.5505  0.024702  22.319
  Active  0.000107272  0.00147902  0.00109458  0.00167814  0.00215093  0.00362009  0.0298317  0.0850063  0.041426  99.695  0.138617
  Intermediate  0.000503724  0.000612436  0.000254208  0.0356295  0.231229  0.0212882  76.0168  5.09153  18.5057  0.0194996  0.077044
  ActiveACh2  1.2279  16.2465  32.5526  3.27536  6.09362  3.55045  1.72852  7.20467  5.11189  0.0283482  22.9802
  Desensitised  0.000525516  2.64391e-06  1.38657e-06  0.222691  0.019489  72.5328  4.64594  4.82161  17.677  0.00727091  0.0726632
  DesensitisedACh2  21.7079  0.111426  0.0535441  28.5104  2.6003  28.0636  2.08356  0.686049  8.95062  0.00401584  7.22849

Slow space
Rows: Species
Column: Contribution to slow space
  1 slow; 10 fast
  ACh  0.00228664
  IntermediateACh  0.161773
  ActiveACh  0.000674238
  BasalACh  0.00176995
  DesensitisedACh  33.169
  IntermediateACh2  0.15953
  Active  0.000712684
  Intermediate  0.163948
  ActiveACh2  0.00221451
  Desensitised  33.1714
  DesensitisedACh2  33.1667

Fast space
Rows: Species
Column: Contribution to fast space
  1 slow; 10 fast
  ACh  11.6158
  IntermediateACh  8.41068
  ActiveACh  8.15104
  BasalACh  12.1939
  DesensitisedACh  8.07346
  IntermediateACh2  9.62371
  Active  5.66443
  Intermediate  7.20265
  ActiveACh2  12.4703
  Desensitised  7.53404
  DesensitisedACh2  9.05995

Reactions slow space
Rows: Reactions
Column: Contribution to slow space 
  React0  -0.000519113
  React1  -0.0040756
  React2  0.00222489
  React3  -0.00233598
  React4  -0.000749858
  React5  0.000716025
  React6  -0.00110084
  React7  -0.0044821
  React8  -0.00455071
  React9  0.164
  React10  0.161854
  React11  0.158053
  React12  -0.00466925
  React13  -0.00466924
  React14  33.1622
  React15  33.162
  React16  33.1619


**************** Time step 7: 0.07 s **************************  

Contribution of species to modes
Rows : contribution to  mode (TS - corresponding timescale)
Columns: species     ACh   IntermediateACh   ActiveACh   BasalACh   DesensitisedACh   IntermediateACh2   Active   Intermediate   ActiveACh2   Desensitised   DesensitisedACh2
  Slow (21.1511):  0.00232424 0.163113 0.000675666 0.00180034 33.1677 0.160839 0.000718973 0.165318 0.00225074 33.17 33.1653
  Fast (0.0977645):  36.0566 0.14724 0.244056 5.26985 0.107611 22.3257 0.000768781 0.000240717 18.5384 0.000167252 17.3095
  Fast (0.0021072):  32.8453 0.0582542 0.0509056 3.64153 0.0704925 11.4346 0.00058022 7.35968e-05 40.5528 0.000109498 11.3454
  Fast (0.000774577):  2.72955 10.5384 0.254643 6.83549 59.9257 6.324 0.00110134 0.032645 6.41018 0.186312 6.76196
  Fast (0.000773293):  3.44868 56.5375 0.27909 8.66464 6.11145 8.46476 0.00129977 0.175521 8.14644 0.0190729 8.15158
  Fast (0.000387291):  3.75573 1.01244 0.529306 16.6492 1.22782 2.61579 0.00267888 0.0186482 3.0137 68.5581 2.61649
  Fast (0.000386727):  3.43996 1.13235 0.519562 15.2372 0.91365 2.39915 0.0206544 66.9274 2.76296 4.2486 2.3985
  Fast (0.000247407):  5.77696 2.23505 50.8443 7.68214 2.19978 7.8745 0.0460046 3.50806 8.48343 3.47516 7.87464
  Fast (8.82587e-05):  7.97813 2.97774 10.4401 39.4508 2.97544 4.68057 0.0188508 10.6402 5.52589 10.6315 4.68064
  Fast (7.46418e-05):  0.0343225 0.0245136 0.122308 0.00624376 0.0245394 0.0587044 99.5764 0.0247973 0.0598359 0.00962638 0.0587044
  Fast (2.12715e-05):  8.9831 9.01541 8.96751 9.63849 9.01554 17.9947 0.051356 0.0360909 18.267 0.0360857 17.9947

Modes distribution for species
Rows: Mode distribution for each species
Columns: Modes (TS - corresponding  timescale)
  Slow (21.1511)  Fast (0.0977645)  Fast (0.0021072)  Fast (0.000774577)  Fast (0.000773293)  Fast (0.000387291)  Fast (0.000386727)  Fast (0.000247407)  Fast (8.82587e-05)  Fast (7.46418e-05)  Fast (2.12715e-05)
  ACh  2.34825  32.1322  28.1754  0.722126  2.75836  5.58493  2.17269  5.30353  7.44935  0.0181089  13.335
  IntermediateACh  0.27793  0.329836  0.149772  10.8944  63.1499  0.574772  1.10162  2.7958  4.4402  0.0166026  16.2692
  ActiveACh  0.0244995  0.328403  0.0574364  0.254552  0.326571  0.484679  0.522614  65.3043  15.9749  0.0850993  16.637
  BasalACh  0.348964  4.75946  3.1904  4.69069  6.79436  10.4521  10.2746  6.56068  40.6031  0.00325635  12.3224
  DesensitisedACh  0.316437  0.00160812  0.000835951  66.3222  7.15107  1.6272  0.902985  2.77618  4.47507  0.0167792  16.4097
  IntermediateACh2  13.1498  15.0396  7.80677  13.3149  3.308  18.3819  0.0476184  5.03728  1.53478  0.0243882  22.355
  Active  0.000109413  0.0014898  0.00108798  0.00163481  0.00218692  0.00362359  0.029832  0.0850375  0.0415057  99.6964  0.13705
  Intermediate  0.000508769  0.000623947  0.0002504  0.0404971  0.23184  0.021333  76.0625  5.10249  18.4442  0.0195326  0.0762149
  ActiveACh2  1.22938  16.0571  32.7111  3.16116  6.17288  3.55009  1.72784  7.22611  5.11839  0.028024  23.018
  Desensitised  0.000531845  2.66425e-06  1.46938e-06  0.223635  0.0241157  72.5977  4.61747  4.83392  17.6235  0.00725156  0.0718669
  DesensitisedACh2  21.6089  0.111384  0.0544661  28.316  3.1592  27.9397  2.05522  0.685626  8.87141  0.00389131  7.19424

Slow space
Rows: Species
Column: Contribution to slow space
  1 slow; 10 fast
  ACh  0.00232424
  IntermediateACh  0.163113
  ActiveACh  0.000675666
  BasalACh  0.00180034
  DesensitisedACh  33.1677
  IntermediateACh2  0.160839
  Active  0.000718973
  Intermediate  0.165318
  ActiveACh2  0.00225074
  Desensitised  33.17
  DesensitisedACh2  33.1653

Fast space
Rows: Species
Column: Contribution to fast space
  1 slow; 10 fast
  ACh  11.5857
  IntermediateACh  8.48555
  ActiveACh  8.14521
  BasalACh  12.1599
  DesensitisedACh  8.15762
  IntermediateACh2  9.6166
  Active  5.65658
  Intermediate  7.18995
  ActiveACh2  12.436
  Desensitised  7.51876
  DesensitisedACh2  9.04809

Reactions slow space
Rows: Reactions
Column: Contribution to slow space 
  React0  -0.000526381
  React1  -0.00414407
  React2  0.00226138
  React3  -0.00237874
  React4  -0.000752707
  React5  0.00072237
  React6  -0.00112998
  React7  -0.00455082
  React8  -0.00462038
  React9  0.165377
  React10  0.163205
  React11  0.159337
  React12  -0.00474059
  React13  -0.00474059
  React14  33.1607
  React15  33.1605
  React16  33.1604


**************** Time step 8: 0.08 s **************************  

Contribution of species to modes
Rows : contribution to  mode (TS - corresponding timescale)
Columns: species     ACh   IntermediateACh   ActiveACh   BasalACh   DesensitisedACh   IntermediateACh2   Active   Intermediate   ActiveACh2   Desensitised   DesensitisedACh2
  Slow (21.1645):  0.00235946 0.164369 0.000676947 0.00182881 33.1664 0.162065 0.000724854 0.166603 0.00228467 33.1688 33.1639
  Fast (0.0985366):  36.3175 0.149356 0.243831 5.26501 0.107743 22.325 0.000775473 0.000247404 18.3481 0.000168316 17.2423
  Fast (0.00212288):  32.572 0.0572073 0.053557 3.56652 0.0716576 11.5665 0.000575773 6.88904e-05 40.6355 0.000111857 11.4763
  Fast (0.000778491):  2.66849 11.5412 0.248687 6.63786 59.6718 6.15714 0.00107645 0.0359391 6.24936 0.186462 6.60199
  Fast (0.000777167):  3.45672 55.6394 0.279319 8.63408 7.01496 8.46506 0.00130248 0.173609 8.152 0.0219924 8.16154
  Fast (0.000389249):  3.72977 1.00218 0.529322 16.6185 1.21895 2.61067 0.00268598 0.0186933 3.00901 68.6488 2.61138
  Fast (0.000388678):  3.41786 1.12476 0.519554 15.2165 0.904749 2.39562 0.0206783 67.0181 2.75999 4.22723 2.39497
  Fast (0.000247814):  5.77147 2.23396 50.7825 7.74244 2.19865 7.87507 0.0459773 3.51056 8.48629 3.47784 7.87522
  Fast (8.84085e-05):  7.94051 2.9656 10.5017 39.506 2.96333 4.67863 0.0189014 10.6142 5.52724 10.6052 4.6787
  Fast (7.47142e-05):  0.0339473 0.0241794 0.12204 0.00590832 0.0242047 0.0580073 99.5802 0.0248273 0.0591281 0.00959758 0.0580073
  Fast (2.12729e-05):  8.98345 9.0157 8.96803 9.63563 9.01566 17.9957 0.0508235 0.0357201 18.2679 0.0357231 17.9957

Modes distribution for species
Rows: Mode distribution for each species
Columns: Modes (TS - corresponding  timescale)
  Slow (21.1645)  Fast (0.0985366)  Fast (0.00212288)  Fast (0.000778491)  Fast (0.000777167)  Fast (0.000389249)  Fast (0.000388678)  Fast (0.000247814)  Fast (8.84085e-05)  Fast (7.47142e-05)  Fast (2.12729e-05)
  ACh  2.38529  32.2611  27.9612  0.808267  2.74925  5.61256  2.15266  5.30423  7.38834  0.0179208  13.3592
  IntermediateACh  0.27671  0.329212  0.1486  11.8859  62.4162  0.557777  1.08362  2.77334  4.38066  0.0162369  16.1317
  ActiveACh  0.0246975  0.327214  0.0606727  0.248159  0.33035  0.483551  0.521685  65.2461  16.0448  0.0848589  16.6279
  BasalACh  0.352483  4.75172  3.13608  4.55731  6.86006  10.4304  10.263  6.62749  40.6796  0.00310204  12.3387
  DesensitisedACh  0.315034  0.00159952  0.000860569  65.5451  8.22494  1.60375  0.884444  2.75007  4.40912  0.0163878  16.2487
  IntermediateACh2  13.1681  15.0095  7.91619  13.3827  3.08332  18.4053  0.0547991  5.04866  1.52029  0.0241023  22.3871
  Active  0.000111421  0.00149963  0.00108185  0.00159653  0.00221749  0.00362677  0.0298322  0.0850657  0.041579  99.6978  0.135631
  Intermediate  0.000513411  0.000634659  0.000246907  0.0447558  0.23236  0.0213736  76.1038  5.11261  18.3887  0.0195623  0.075466
  ActiveACh2  1.23076  15.8828  32.8562  3.06117  6.24067  3.54979  1.72732  7.24597  5.12443  0.0277303  23.0531
  Desensitised  0.000537714  2.67783e-06  1.55533e-06  0.224452  0.028168  72.6573  4.59168  4.84502  17.5744  0.00723397  0.0711753
  DesensitisedACh2  21.5269  0.111394  0.0553379  28.1432  3.63825  27.8371  2.03037  0.685424  8.80268  0.00378039  7.16556

Slow space
Rows: Species
Column: Contribution to slow space
  1 slow; 10 fast
  ACh  0.00235946
  IntermediateACh  0.164369
  ActiveACh  0.000676947
  BasalACh  0.00182881
  DesensitisedACh  33.1664
  IntermediateACh2  0.162065
  Active  0.000724854
  Intermediate  0.166603
  ActiveACh2  0.00228467
  Desensitised  33.1688
  DesensitisedACh2  33.1639

Fast space
Rows: Species
Column: Contribution to fast space
  1 slow; 10 fast
  ACh  11.5597
  IntermediateACh  8.54873
  ActiveACh  8.14112
  BasalACh  12.1305
  DesensitisedACh  8.22887
  IntermediateACh2  9.61127
  Active  5.65028
  Intermediate  7.17951
  ActiveACh2  12.406
  Desensitised  7.50596
  DesensitisedACh2  9.03811

Reactions slow space
Rows: Reactions
Column: Contribution to slow space 
  React0  -0.000533176
  React1  -0.00420821
  React2  0.00229555
  React3  -0.00241883
  React4  -0.000755312
  React5  0.000728304
  React6  -0.00115735
  React7  -0.00461513
  React8  -0.00468559
  React9  0.166667
  React10  0.164471
  React11  0.160541
  React12  -0.00480736
  React13  -0.00480736
  React14  33.1593
  React15  33.1591
  React16  33.159


**************** Time step 9: 0.09 s **************************  

Contribution of species to modes
Rows : contribution to  mode (TS - corresponding timescale)
Columns: species     ACh   IntermediateACh   ActiveACh   BasalACh   DesensitisedACh   IntermediateACh2   Active   Intermediate   ActiveACh2   Desensitised   DesensitisedACh2
  Slow (21.177):  0.00239237 0.165542 0.000678097 0.00185543 33.1652 0.163211 0.000730341 0.167803 0.00231639 33.1676 33.1627
  Fast (0.0992586):  36.5574 0.151327 0.243611 5.26029 0.107858 22.3251 0.000781632 0.000253667 18.1734 0.000169287 17.1798
  Fast (0.00213731):  32.3221 0.0562637 0.055979 3.49845 0.0727291 11.6869 0.000571679 6.4574e-05 40.7111 0.00011404 11.5958
  Fast (0.000782092):  2.61578 12.4101 0.243525 6.46643 59.4512 6.01266 0.00105489 0.0388291 6.11016 0.186634 6.46365
  Fast (0.000780732):  3.46407 54.8766 0.279492 8.60614 7.78271 8.46568 0.00130488 0.172024 8.15709 0.0245043 8.17036
  Fast (0.00039105):  3.70611 0.992829 0.529332 16.5903 1.21084 2.606 0.00269248 0.0187347 3.00472 68.7317 2.60672
  Fast (0.000390474):  3.39763 1.11783 0.519521 15.1972 0.896571 2.39234 0.0207004 67.1016 2.75721 4.20767 2.39167
  Fast (0.000248186):  5.76636 2.233 50.7262 7.79759 2.19778 7.87559 0.0459523 3.51268 8.4889 3.48024 7.87574
  Fast (8.85456e-05):  7.90606 2.95449 10.5581 39.5565 2.95216 4.67686 0.0189481 10.5902 5.52849 10.5813 4.67693
  Fast (7.47804e-05):  0.033607 0.0238763 0.121796 0.00560434 0.023902 0.057375 99.5836 0.0248546 0.0584861 0.00957146 0.057375
  Fast (2.12742e-05):  8.98375 9.01593 8.96849 9.63299 9.01601 17.9965 0.0503407 0.0353832 18.2688 0.0353801 17.9965

Modes distribution for species
Rows: Mode distribution for each species
Columns: Modes (TS - corresponding  timescale)
  Slow (21.177)  Fast (0.0992586)  Fast (0.00213731)  Fast (0.000782092)  Fast (0.000780732)  Fast (0.00039105)  Fast (0.000390474)  Fast (0.000248186)  Fast (8.85456e-05)  Fast (7.47804e-05)  Fast (2.12742e-05)
  ACh  2.41999  32.378  27.7655  0.885632  2.73972  5.63907  2.13443  5.305  7.33266  0.0177509  13.3822
  IntermediateACh  0.275771  0.32885  0.147647  12.7345  61.7851  0.542846  1.06806  2.75474  4.32957  0.0159187  16.0171
  ActiveACh  0.0248816  0.326098  0.0636272  0.242522  0.333511  0.482516  0.52081  65.193  16.1087  0.0846412  16.6197
  BasalACh  0.35576  4.74424  3.0866  4.43989  6.91452  10.4107  10.2523  6.68891  40.7503  0.0029619  12.3539
  DesensitisedACh  0.313982  0.00159137  0.000886088  64.8778  9.14209  1.5837  0.868318  2.72852  4.35249  0.0160487  16.1146
  IntermediateACh2  13.1843  14.9808  8.01607  13.4384  2.88705  18.4262  0.0613697  5.059  1.50693  0.023842  22.416
  Active  0.000113302  0.00150858  0.00107617  0.00156274  0.00224364  0.0036296  0.0298324  0.0850911  0.0416468  99.699  0.134344
  Intermediate  0.000517685  0.000644615  0.000243709  0.0484985  0.232815  0.0214111  76.1422  5.12165  18.3376  0.0195897  0.074786
  ActiveACh2  1.23204  15.7226  32.9888  2.97364  6.29911  3.54956  1.72682  7.26428  5.13003  0.0274639  23.0857
  Desensitised  0.000543148  2.68501e-06  1.64405e-06  0.225167  0.0317315  72.712  4.56807  4.8551  17.5296  0.00721804  0.0705195
  DesensitisedACh2  21.4583  0.111442  0.0561582  27.9897  4.0514  27.7514  2.00833  0.685307  8.74264  0.00368157  7.14166

Slow space
Rows: Species
Column: Contribution to slow space
  1 slow; 10 fast
  ACh  0.00239237
  IntermediateACh  0.165542
  ActiveACh  0.000678097
  BasalACh  0.00185543
  DesensitisedACh  33.1652
  IntermediateACh2  0.163211
  Active  0.000730341
  Intermediate  0.167803
  ActiveACh2  0.00231639
  Desensitised  33.1676
  DesensitisedACh2  33.1627

Fast space
Rows: Species
Column: Contribution to fast space
  1 slow; 10 fast
  ACh  11.5368
  IntermediateACh  8.60248
  ActiveACh  8.13833
  BasalACh  12.1049
  DesensitisedACh  8.28969
  IntermediateACh2  9.60734
  Active  5.6452
  Intermediate  7.17077
  ActiveACh2  12.3797
  Desensitised  7.49513
  DesensitisedACh2  9.02966

Reactions slow space
Rows: Reactions
Column: Contribution to slow space 
  React0  -0.000539516
