Time Scale Separation Analysis Task

Problem Description:
    StepNumber: 100
    StepSize: 0.01
    Duration: 1
    TimeSeriesRequested: 1
    OutputStartTime: 0

Method: ILDM (LSODA,Modified)
    Deuflhard Tolerance: 0.0001



Time Scale Separation Analysis Result:

Problem Description:
    StepNumber: 100
    StepSize: 0.01
    Duration: 1
    TimeSeriesRequested: 1
    OutputStartTime: 0

**************** Time step 1: 0.01 s **************************  

Contribution of species to modes
Rows: contribution to  mode (TS - corresponding timescale)
Columns: species     ACh   IntermediateACh   ActiveACh   BasalACh   DesensitisedACh   IntermediateACh2   Active   Intermediate   ActiveACh2   Desensitised   DesensitisedACh2
  Slow (20.9295): 2.44122 0.243623 0.0217249 0.461924 0.26151 45.6785 5.22644e-05 0.000324769 1.85768 0.000348679 49.033 
  Slow (0.0849213): 30.4702 0.117796 0.266597 5.75041 0.0987339 22.4663 0.000649135 0.000153691 22.3164 0.000131645 18.5126 
  Slow (0.00180576): 38.4232 0.0505316 0.0473696 6.04901 0.0444435 8.40219 0.000696995 7.73491e-05 38.6493 5.92585e-05 8.3331 
  Slow (0.000664894): 3.07364 1.1792 0.303813 9.58152 61.3434 8.00517 0.00130383 0.0031918 8.01901 0.163642 8.32606 
  Slow (0.000664121): 2.74418 61.133 0.232619 8.52264 5.51242 7.44746 0.00108615 0.162853 7.13689 0.0146494 7.09222 
  Slow (0.000332447): 4.67919 1.33189 0.481316 17.43 1.50991 2.72555 0.00242465 0.0174229 3.10016 65.9961 2.72606 
  Slow (0.00033203): 4.22751 1.37127 0.480014 15.7333 1.18875 2.46666 0.0200269 64.3757 2.8047 4.86585 2.4662 
  Slow (0.000234731): 5.98191 2.32526 52.924 5.75635 2.28899 7.85049 0.0468837 3.31676 8.3861 3.27265 7.85062 
  Slow (8.32792e-05): 9.37515 3.33056 8.55512 37.7836 3.32861 4.70921 0.0180305 11.3758 5.44817 11.3665 4.70927 
  Slow (7.2339e-05): 0.0484266 0.0367334 0.132683 0.0177415 0.0367582 0.0843798 99.4386 0.0235112 0.0859164 0.0108635 0.0843798 
  Fast (2.12316e-05): 8.95305 9.00796 8.95168 9.73911 9.00796 17.9662 0.0709542 0.0497376 18.2375 0.0497395 17.9662 

Modes distribution for species
Rows: Mode distribution for each species
Columns: Modes (TS - corresponding  timescale)
  Slow (20.9295)  Slow (0.0849213)  Slow (0.00180576)  Slow (0.000664894)  Slow (0.000664121)  Slow (0.000332447)  Slow (0.00033203)  Slow (0.000234731)  Slow (8.32792e-05)  Slow (7.2339e-05)  Fast (2.12316e-05)
  ACh  1.70114  29.6558  32.0205  2.25408  2.02721  3.18734  2.96029  5.02594  9.94148  0.0227663  11.2035
  IntermediateACh  0.261201  0.176396  0.0647918  1.33054  69.4841  1.39588  1.47739  3.00589  5.43392  0.0265701  17.3433
  ActiveACh  0.0228769  0.392099  0.059654  0.336688  0.25968  0.495443  0.507936  67.1948  13.709  0.0942604  16.9275
  BasalACh  0.308705  5.36752  4.83458  6.73891  6.03811  11.3866  10.566  4.63836  38.4252  0.00799908  11.6881
  DesensitisedACh  0.268075  0.141363  0.0544851  66.1787  5.99051  1.51301  1.22455  2.82915  5.19243  0.0254213  16.5823
  IntermediateACh2  28.9986  19.9204  6.37908  5.34832  5.01218  1.69139  1.57358  6.00904  4.54938  0.0361392  20.4819
  Active  7.76312e-05  0.00134669  0.00123811  0.00203814  0.00171031  0.00352049  0.0298923  0.0839646  0.0407546  99.6462  0.18926
  Intermediate  0.000376329  0.000248739  0.000107189  0.00389234  0.200051  0.0197351  74.9604  4.63395  20.0594  0.0183799  0.103497
  ActiveACh2  1.21965  20.464  30.3464  5.54074  4.96738  1.98963  1.85041  6.63848  5.44321  0.0380554  21.502
  Desensitised  0.000383461  0.000202209  7.79375e-05  0.189396  0.0170792  70.9475  5.37737  4.33949  19.0222  0.00806008  0.0982305
  DesensitisedACh2  31.5872  16.6568  6.41991  5.64473  4.84348  1.71664  1.59649  6.09775  4.61652  0.0366721  20.7839

Slow space
Rows: Species
Column: Contribution to slow space
  10 slow; 1 fast
  ACh  11.4907
  IntermediateACh  6.95192
  ActiveACh  7.11379
  BasalACh  11.916
  DesensitisedACh  7.33792
  IntermediateACh2  11.295
  Active  6.05941
  Intermediate  7.77392
  ActiveACh2  10.7814
  Desensitised  8.19146
  DesensitisedACh2  11.0886

Fast space
Rows: Species
Column: Contribution to fast space 
  10 slow; 1 fast
  ACh  8.95305
  IntermediateACh  9.00796
  ActiveACh  8.95168
  BasalACh  9.73911
  DesensitisedACh  9.00796
  IntermediateACh2  17.9662
  Active  0.0709542
  Intermediate  0.0497376
  ActiveACh2  18.2375
  Desensitised  0.0497395
  DesensitisedACh2  17.9662


**************** Time step 2: 0.02 s **************************  

Contribution of species to modes
Rows: contribution to  mode (TS - corresponding timescale)
Columns: species     ACh   IntermediateACh   ActiveACh   BasalACh   DesensitisedACh   IntermediateACh2   Active   Intermediate   ActiveACh2   Desensitised   DesensitisedACh2
  Slow (21.0692): 3.0612 0.271431 0.0222892 0.473276 0.293557 45.193 6.4959e-05 0.00040746 1.84052 0.000441079 48.8438 
  Slow (0.0930293): 34.3476 0.134185 0.245206 5.29379 0.106563 22.3508 0.000725204 0.000200522 19.7902 0.000160115 17.7305 
  Slow (0.00200496): 34.6704 0.0654011 0.0330674 4.15839 0.0628946 10.5472 0.000609148 0.000103915 39.997 9.45003e-05 10.4649 
  Slow (0.000749013): 3.23979 2.17977 0.304264 8.48367 62.0416 7.71123 0.00130999 0.00647592 7.74813 0.186512 8.09721 
  Fast (0.00074798): 3.24911 62.0661 0.264255 8.48956 2.13713 8.11208 0.00122394 0.186301 7.76142 0.00635245 7.72648 
  Fast (0.000374507): 3.93099 1.08192 0.52906 16.8508 1.28843 2.64949 0.00263137 0.018358 3.04441 67.9538 2.65014 
  Fast (0.000373979): 3.58918 1.18404 0.519831 15.3729 0.974024 2.42254 0.0204936 66.3199 2.78253 4.39257 2.42194 
  Fast (0.000244679): 5.81089 2.24385 51.2622 7.27732 2.20852 7.871 0.0461868 3.48957 8.46493 3.45439 7.87114 
  Fast (8.72582e-05): 8.22834 3.0586 10.0319 39.0817 3.05651 4.69317 0.0185233 10.8153 5.51669 10.806 4.69323 
  Fast (7.41534e-05): 0.0369212 0.0268308 0.124183 0.00857581 0.0268568 0.0635352 99.5504 0.0245909 0.0647409 0.00982305 0.0635353 
  Fast (2.12621e-05): 8.98076 9.01354 8.96397 9.658 9.01414 17.9884 0.0550482 0.0386671 18.2604 0.0386316 17.9884 

Modes distribution for species
Rows: Mode distribution for each species
Columns: Modes (TS - corresponding  timescale)
  Slow (21.0692)  Slow (0.0930293)  Slow (0.00200496)  Slow (0.000749013)  Fast (0.00074798)  Fast (0.000374507)  Fast (0.000373979)  Fast (0.000244679)  Fast (8.72582e-05)  Fast (7.41534e-05)  Fast (2.12621e-05)
  ACh  2.1729  33.0734  29.7464  2.38719  2.39299  2.64475  2.47948  5.06601  8.65474  0.0175442  11.3646
  IntermediateACh  0.292654  0.196261  0.0852332  2.43966  69.4351  1.10567  1.24245  2.97143  4.88667  0.019366  17.3255
  ActiveACh  0.0232463  0.346917  0.0416858  0.329407  0.285965  0.522997  0.527642  65.6648  15.5038  0.0867026  16.6669
  BasalACh  0.325716  4.94227  3.45922  6.06082  6.06233  10.9921  10.2967  6.15138  39.8559  0.00395103  11.8497
  DesensitisedACh  0.316902  0.156053  0.0820678  69.5244  2.39382  1.31834  1.02334  2.92825  4.88936  0.0194087  17.348
  IntermediateACh2  28.5516  19.1552  8.0542  5.05713  5.31765  1.58656  1.48952  6.1075  4.39358  0.0268709  20.2603
  Active  9.71686e-05  0.00147157  0.00110138  0.00203412  0.00189966  0.00373081  0.0298347  0.0848553  0.0410579  99.6871  0.146799
  Intermediate  0.000478461  0.000319417  0.000147492  0.00789378  0.22699  0.0204325  75.7918  5.03279  18.8189  0.0193306  0.0809462
  ActiveACh2  1.22791  17.9106  32.2537  5.36592  5.37273  1.92514  1.80668  6.93623  5.45377  0.0289144  21.7185
  Desensitised  0.000494395  0.000243458  0.000128032  0.217013  0.00738801  72.1948  4.79173  4.7556  17.948  0.00737079  0.0771959
  DesensitisedACh2  31.3966  15.4607  8.13082  5.40296  5.15328  1.61465  1.51514  6.21422  4.47033  0.02734  20.6139

Slow space
Rows: Species
Column: Contribution to slow space
  4 slow; 7 fast
  ACh  20.621
  IntermediateACh  0.607221
  ActiveACh  0.154396
  BasalACh  4.66781
  DesensitisedACh  14.1022
  IntermediateACh2  20.9123
  Active  0.000683174
  Intermediate  0.00163522
  ActiveACh2  18.4812
  Desensitised  0.0422266
  DesensitisedACh2  20.4093

Fast space
Rows: Species
Column: Contribution to fast space 
  4 slow; 7 fast
  ACh  5.65892
  IntermediateACh  11.0767
  ActiveACh  11.7194
  BasalACh  15.2465
  DesensitisedACh  3.41298
  IntermediateACh2  7.63701
  Active  8.2317
  Intermediate  10.4857
  ActiveACh2  7.98135
  Desensitised  10.962
  DesensitisedACh2  7.58778


**************** Time step 3: 0.03 s **************************  

Contribution of species to modes
Rows: contribution to  mode (TS - corresponding timescale)
Columns: species     ACh   IntermediateACh   ActiveACh   BasalACh   DesensitisedACh   IntermediateACh2   Active   Intermediate   ActiveACh2   Desensitised   DesensitisedACh2
  Slow (21.0884): 3.14142 0.273154 0.0225746 0.479373 0.295886 45.1288 6.68163e-05 0.000413243 1.83789 0.000448323 48.8199 
  Slow (0.0941448): 34.768 0.137189 0.244953 5.289 0.106852 22.3416 0.000735869 0.000209603 19.4814 0.000161904 17.6299 
  Slow (0.00203002): 34.2158 0.0637482 0.037563 4.02682 0.0647577 10.7693 0.00060205 9.70038e-05 40.1359 9.81152e-05 10.6853 
  Slow (0.000755303): 3.0994 4.48764 0.29053 8.02597 61.459 7.32879 0.00125176 0.0135161 7.37917 0.186315 7.72847 
  Fast (0.000754212): 3.40829 62.3935 0.277096 8.81843 0.228416 8.47073 0.00128451 0.188863 8.11837 0.000766508 8.09423 
  Fast (0.000377653): 3.88691 1.06444 0.52927 16.8012 1.27297 2.64114 0.00264352 0.0184234 3.03684 68.1044 2.64181 
  Fast (0.000377116): 3.55166 1.171 0.51977 15.3395 0.9587 2.41674 0.0205339 66.4717 2.7777 4.35648 2.41613 
  Fast (0.000245361): 5.80281 2.2414 51.1569 7.37867 2.2061 7.87183 0.0461412 3.49453 8.46948 3.46013 7.87198 
  Fast (8.75081e-05): 8.166 3.03849 10.1334 39.1741 3.03597 4.69005 0.0186033 10.7715 5.51899 10.7627 4.69012 
  Fast (7.4276e-05): 0.036257 0.0262382 0.123702 0.00797847 0.0262643 0.0623002 99.5571 0.0246434 0.0634869 0.00977337 0.0623002 
  Fast (2.12645e-05): 8.98138 9.01404 8.96489 9.65311 9.01419 17.9901 0.054104 0.0380076 18.2621 0.0380006 17.9901 

Modes distribution for species
Rows: Mode distribution for each species
Columns: Modes (TS - corresponding  timescale)
  Slow (21.0884)  Slow (0.0941448)  Slow (0.00203002)  Slow (0.000755303)  Fast (0.000754212)  Fast (0.000377653)  Fast (0.000377116)  Fast (0.000245361)  Fast (8.75081e-05)  Fast (7.4276e-05)  Fast (2.12645e-05)
  ACh  2.2336  33.4165  29.438  2.30876  2.49409  2.61242  2.45077  5.07108  8.5833  0.0172416  11.3742
  IntermediateACh  0.287789  0.195383  0.0812714  4.95345  67.6556  1.0601  1.19733  2.90248  4.73251  0.0184888  16.9156
  ActiveACh  0.0235395  0.345272  0.0473958  0.317388  0.297375  0.521693  0.525994  65.5641  15.6207  0.0862701  16.6503
  BasalACh  0.330752  4.93292  3.36197  5.80162  6.26207  10.9579  10.2715  6.25736  39.9571  0.00368176  11.8631
  DesensitisedACh  0.32677  0.159515  0.086539  71.1092  0.259622  1.32891  1.02753  2.99451  4.95656  0.0193995  17.7315
  IntermediateACh2  28.5098  19.079  8.23249  4.8506  5.50755  1.57722  1.48171  6.11223  4.3801  0.0263231  20.2429
  Active  0.000100035  0.00148927  0.0010907  0.00196342  0.00197926  0.00374122  0.0298355  0.0849068  0.0411743  99.6894  0.144278
  Intermediate  0.000485939  0.000333178  0.000138028  0.0166514  0.228571  0.0204789  75.8588  5.05068  18.7249  0.0193814  0.0796064
  ActiveACh2  1.22911  17.6114  32.4794  5.17013  5.58776  1.91979  1.80281  6.96165  5.45629  0.0283964  21.7532
  Desensitised  0.000503507  0.000245795  0.000133338  0.219222  0.000885989  72.3019  4.74835  4.7763  17.8691  0.00734119  0.0760162
  DesensitisedACh2  31.3865  15.3214  8.31258  5.2055  5.35574  1.60549  1.5075  6.22034  4.45755  0.0267882  20.6006

Slow space
Rows: Species
Column: Contribution to slow space
  4 slow; 7 fast
  ACh  20.564
  IntermediateACh  1.1362
  ActiveACh  0.152626
  BasalACh  4.53631
  DesensitisedACh  14.0812
  IntermediateACh2  20.8351
  Active  0.000672847
  Intermediate  0.00324859
  ActiveACh2  18.3252
  Desensitised  0.0425171
  DesensitisedACh2  20.3229

Fast space
Rows: Species
Column: Contribution to fast space 
  4 slow; 7 fast
  ACh  5.6594
  IntermediateACh  11.0681
  ActiveACh  11.7494
  BasalACh  15.3072
  DesensitisedACh  3.16472
  IntermediateACh2  7.68338
  Active  8.24327
  Intermediate  10.4939
  ActiveACh2  8.02983
  Desensitised  10.9652
  DesensitisedACh2  7.63559


**************** Time step 4: 0.04 s **************************  

Contribution of species to modes
Rows: contribution to  mode (TS - corresponding timescale)
Columns: species     ACh   IntermediateACh   ActiveACh   BasalACh   DesensitisedACh   IntermediateACh2   Active   Intermediate   ActiveACh2   Desensitised   DesensitisedACh2
  Slow (21.1055): 3.21237 0.274604 0.0228271 0.484727 0.297885 45.0722 6.84661e-05 0.000418172 1.83555 0.000454598 48.7989 
  Slow (0.0951319): 35.1305 0.139949 0.244737 5.28441 0.107084 22.3351 0.000745105 0.000218041 19.2155 0.000163425 17.5416 
  Slow (0.00205168): 33.8267 0.0621471 0.0413588 3.91587 0.0663669 10.9588 0.000595934 9.03914e-05 40.2546 0.00010127 10.8734 
  Slow (0.000760716): 2.98193 6.40387 0.279164 7.64918 60.9741 7.0107 0.00120409 0.0194551 7.07231 0.186172 7.42198 
  Fast (0.000759572): 3.41972 60.4532 0.277834 8.77466 2.17634 8.46749 0.00128919 0.184307 8.12638 0.00671813 8.11201 
  Fast (0.00038036): 3.84947 1.04959 0.529301 16.7584 1.26004 2.63397 0.00265355 0.018487 3.03031 68.2331 2.63465 
  Fast (0.000379815): 3.51989 1.15996 0.51973 15.3111 0.945862 2.41183 0.0205679 66.6004 2.77362 4.32583 2.41121 
  Fast (0.000245943): 5.79574 2.23946 51.0677 7.46494 2.20411 7.87256 0.0461025 3.4987 8.47339 3.46465 7.87271 
  Fast (8.77211e-05): 8.11276 3.02126 10.2202 39.2526 3.01878 4.68737 0.0186724 10.7345 5.52094 10.7255 4.68744 
  Fast (7.43802e-05): 0.0356985 0.0257401 0.123298 0.00747679 0.0257655 0.0612619 99.5626 0.0246875 0.0624327 0.00973111 0.0612619 
  Fast (2.12665e-05): 8.98189 9.01445 8.96566 9.64894 9.01439 17.9914 0.0533102 0.037455 18.2636 0.0374594 17.9914 

Modes distribution for species
Rows: Mode distribution for each species
Columns: Modes (TS - corresponding  timescale)
  Slow (21.1055)  Slow (0.0951319)  Slow (0.00205168)  Slow (0.000760716)  Fast (0.000759572)  Fast (0.00038036)  Fast (0.000379815)  Fast (0.000245943)  Fast (8.77211e-05)  Fast (7.43802e-05)  Fast (2.12665e-05)
  ACh  2.28759  33.7112  29.1729  2.23938  2.57753  2.58525  2.42676  5.07569  8.52317  0.0169886  11.3835
  IntermediateACh  0.284088  0.195098  0.0778633  6.98656  66.195  1.02403  1.1618  2.84918  4.61119  0.0177954  16.5974
  ActiveACh  0.0237998  0.343843  0.0522225  0.306943  0.306598  0.520443  0.524619  65.4789  15.7203  0.085908  16.6365
  BasalACh  0.335227  4.92464  3.27971  5.57868  6.42291  10.93  10.2516  6.34892  40.0487  0.00345549  11.8762
  DesensitisedACh  0.32219  0.156072  0.0869325  69.548  2.49145  1.28527  0.990454  2.93176  4.81698  0.0186233  17.3522
  IntermediateACh2  28.4774  19.0159  8.38538  4.67121  5.66248  1.56946  1.4753  6.11702  4.36918  0.0258664  20.2308
  Active  0.000102585  0.0015044  0.00108136  0.00190257  0.00204449  0.00374957  0.0298359  0.0849501  0.041275  99.6914  0.142159
  Intermediate  0.000492341  0.000345929  0.000128886  0.0241557  0.229674  0.020527  75.9155  5.06582  18.6454  0.0194241  0.0784831
  ActiveACh2  1.23031  17.3556  32.6761  4.99903  5.7651  1.9155  1.79986  6.98455  5.45935  0.027965  21.7866
  Desensitised  0.000511367  0.00024772  0.000137959  0.220849  0.00799859  72.3848  4.71105  4.79288  17.7992  0.00731511  0.0749931
  DesensitisedACh2  31.3829  15.2016  8.46864  5.0336  5.5217  1.59791  1.50128  6.22644  4.44731  0.0263286  20.5923

Slow space
Rows: Species
Column: Contribution to slow space
  4 slow; 7 fast
  ACh  20.5201
  IntermediateACh  1.58065
  ActiveACh  0.151112
  BasalACh  4.42529
  DesensitisedACh  14.052
  IntermediateACh2  20.7741
  Active  0.000664192
  Intermediate  0.00462552
  ActiveACh2  18.1953
  Desensitised  0.042732
  DesensitisedACh2  20.2533

Fast space
Rows: Species
Column: Contribution to fast space 
  4 slow; 7 fast
  ACh  5.63395
  IntermediateACh  11.0024
  ActiveACh  11.7221
  BasalACh  15.2882
  DesensitisedACh  3.40183
  IntermediateACh2  7.68694
  Active  8.21617
  Intermediate  10.4539
  ActiveACh2  8.03371
  Desensitised  10.9201
  DesensitisedACh2  7.64066


**************** Time step 5: 0.05 s **************************  

Contribution of species to modes
Rows: contribution to  mode (TS - corresponding timescale)
Columns: species     ACh   IntermediateACh   ActiveACh   BasalACh   DesensitisedACh   IntermediateACh2   Active   Intermediate   ActiveACh2   Desensitised   DesensitisedACh2
  Slow (21.1216): 3.27935 0.275925 0.023063 0.489735 0.299727 45.0188 7.00251e-05 0.000422711 1.83335 0.000460425 48.7791 
  Slow (0.0960634): 35.4648 0.142541 0.244513 5.27962 0.107285 22.3305 0.000753639 0.00022604 18.9707 0.000164816 17.4589 
  Slow (0.00207169): 33.4703 0.0607091 0.0448298 3.81535 0.067854 11.132 0.000590275 8.43113e-05 40.363 0.000104213 11.0452 
  Slow (0.000765714): 2.88327 8.01184 0.269662 7.33373 60.5671 6.74337 0.0011642 0.0245176 6.81445 0.186147 7.16473 
  Fast (0.00076452): 3.43021 58.8881 0.278381 8.73471 3.74855 8.46567 0.00129322 0.180719 8.13366 0.0115933 8.12713 
  Fast (0.000382859): 3.81525 1.03602 0.529227 16.7186 1.24855 2.62734 0.00266267 0.0185447 3.02425 68.3515 2.62803 
  Fast (0.000382308): 3.49081 1.14986 0.519661 15.2844 0.934381 2.40727 0.0205992 66.7189 2.76981 4.29762 2.40664 
  Fast (0.000246475): 5.78913 2.2378 50.9863 7.54394 2.20213 7.87332 0.046067 3.50223 8.47708 3.46849 7.87347 
  Fast (8.79163e-05): 8.06394 3.00543 10.2998 39.3243 3.00366 4.68496 0.0187365 10.7002 5.52278 10.6911 4.68503 
  Fast (7.44754e-05): 0.0351938 0.0252901 0.122934 0.00702406 0.025314 0.0603237 99.5677 0.0247277 0.0614801 0.0096926 0.0603238 
  Fast (2.12683e-05): 8.98236 9.01483 8.96636 9.64517 9.01447 17.9927 0.0525932 0.0369543 18.2649 0.0369771 17.9927 

Modes distribution for species
Rows: Mode distribution for each species
Columns: Modes (TS - corresponding  timescale)
  Slow (21.1216)  Slow (0.0960634)  Slow (0.00207169)  Slow (0.000765714)  Fast (0.00076452)  Fast (0.000382859)  Fast (0.000382308)  Fast (0.000246475)  Fast (8.79163e-05)  Fast (7.44754e-05)  Fast (2.12683e-05)
  ACh  2.33882  33.9819  28.929  2.1787  2.64774  2.56061  2.40495  5.08008  8.46865  0.0167609  11.3928
  IntermediateACh  0.281334  0.19526  0.0750151  8.65498  64.9837  0.994055  1.13253  2.80737  4.51226  0.0172188  16.3463
  ActiveACh  0.0240437  0.342474  0.0566391  0.297857  0.314102  0.519204  0.523331  65.4014  15.8115  0.0855817  16.6239
  BasalACh  0.33945  4.91652  3.20489  5.3857  6.55253  10.905  10.2337  6.4337  40.136  0.00325106  11.8893
  DesensitisedACh  0.318816  0.153318  0.0874689  68.2581  4.31543  1.24977  0.960084  2.88207  4.7046  0.0179803  17.0524
  IntermediateACh2  28.4497  18.9593  8.52547  4.51505  5.79016  1.56246  1.46953  6.12194  4.3596  0.0254562  20.2214
  Active  0.000104997  0.0015182  0.00107261  0.0018495  0.00209866  0.0037571  0.0298364  0.0849889  0.0413686  99.6932  0.140244
  Intermediate  0.000498263  0.000357966  0.000120438  0.0306193  0.23055  0.0205705  75.9688  5.07935  18.5722  0.0194635  0.077466
  ActiveACh2  1.23153  17.1209  32.8586  4.84993  5.91335  1.91174  1.79731  7.00642  5.46283  0.0275778  21.8197
  Desensitised  0.000518693  0.000249455  0.000142277  0.222183  0.0141353  72.4618  4.67682  4.80773  17.735  0.00729145  0.0740824
  DesensitisedACh2  31.3832  15.0911  8.6119  4.88389  5.65909  1.59112  1.4957  6.23272  4.43847  0.0259164  20.5869

Slow space
Rows: Species
Column: Contribution to slow space
  4 slow; 7 fast
  ACh  20.4866
  IntermediateACh  1.95661
  ActiveACh  0.149863
  BasalACh  4.32877
  DesensitisedACh  14.0192
  IntermediateACh2  20.7275
  Active  0.000656865
  Intermediate  0.00580837
  ActiveACh2  18.0841
  Desensitised  0.0429114
  DesensitisedACh2  20.198

Fast space
Rows: Species
Column: Contribution to fast space 
  4 slow; 7 fast
  ACh  5.61165
  IntermediateACh  10.9417
  ActiveACh  11.7013
  BasalACh  15.2728
  DesensitisedACh  3.60209
  IntermediateACh2  7.69006
  Active  8.19438
  Intermediate  10.421
  ActiveACh2  8.03727
  Desensitised  10.8828
  DesensitisedACh2  7.64508


**************** Time step 6: 0.06 s **************************  

Contribution of species to modes
Rows: contribution to  mode (TS - corresponding timescale)
Columns: species     ACh   IntermediateACh   ActiveACh   BasalACh   DesensitisedACh   IntermediateACh2   Active   Intermediate   ActiveACh2   Desensitised   DesensitisedACh2
  Slow (21.1368): 3.34241 0.277129 0.0232828 0.494398 0.301424 44.9686 7.14933e-05 0.000426886 1.83127 0.00046583 48.7605 
  Slow (0.0969406): 35.7729 0.14497 0.244285 5.27474 0.107459 22.3275 0.000761516 0.000233598 18.7455 0.000166089 17.3816 
  Slow (0.00209017): 33.144 0.0594168 0.048004 3.72421 0.0692269 11.2901 0.000585046 7.87255e-05 40.4622 0.000106952 11.2021 
  Slow (0.000770326): 2.80042 9.37392 0.261559 7.065 60.2212 6.51745 0.00113028 0.0288706 6.59665 0.186201 6.94763 
  Fast (0.000769085): 3.43986 57.6049 0.278786 8.69809 5.03816 8.46489 0.00129671 0.17785 8.14034 0.01565 8.1402 
  Fast (0.000385165): 3.78415 1.02369 0.529287 16.6826 1.23763 2.62134 0.00267114 0.0185989 3.01877 68.4592 2.62203 
  Fast (0.000384607): 3.46428 1.14072 0.519632 15.2601 0.923491 2.40307 0.0206279 66.8273 2.76628 4.2721 2.40243 
  Fast (0.000246961): 5.78283 2.23632 50.912 7.61609 2.20096 7.8739 0.0460344 3.50541 8.48036 3.47206 7.87405 
  Fast (8.8095e-05): 8.01916 2.99098 10.373 39.3903 2.98878 4.68266 0.0187959 10.6691 5.52439 10.6601 4.68272 
  Fast (7.45624e-05): 0.0347366 0.0248826 0.122605 0.00661435 0.0249079 0.0594739 99.5723 0.024764 0.0606172 0.00965797 0.0594739 
  Fast (2.127e-05): 8.98274 9.01513 8.96695 9.64167 9.01513 17.9937 0.0519438 0.0365018 18.2659 0.0365025 17.9937 

Modes distribution for species
Rows: Mode distribution for each species
Columns: Modes (TS - corresponding  timescale)
  Slow (21.1368)  Slow (0.0969406)  Slow (0.00209017)  Slow (0.000770326)  Fast (0.000769085)  Fast (0.000385165)  Fast (0.000384607)  Fast (0.000246961)  Fast (8.8095e-05)  Fast (7.45624e-05)  Fast (2.127e-05)
  ACh  2.38724  34.2299  28.7043  2.12624  2.70736  2.53836  2.3852  5.0841  8.41895  0.0165552  11.4018
  IntermediateACh  0.279264  0.195716  0.072602  10.0417  63.9679  0.968837  1.10812  2.77399  4.43037  0.0167317  16.1448
  ActiveACh  0.0242715  0.341171  0.0606798  0.289856  0.320259  0.518203  0.522193  65.3308  15.8949  0.0852869  16.6124
  BasalACh  0.343414  4.90859  3.13676  5.21682  6.65786  10.8831  10.2182  6.51193  40.2183  0.00306577  11.902
  DesensitisedACh  0.316315  0.151078  0.0880893  67.1806  5.82618  1.21978  0.934222  2.84309  4.6103  0.0174418  16.8129
  IntermediateACh2  28.4253  18.9082  8.65367  4.37951  5.8964  1.55621  1.46433  6.12665  4.35092  0.0250862  20.2137
  Active  0.000107272  0.00153079  0.00106443  0.00180285  0.00214405  0.00376415  0.0298368  0.085024  0.041455  99.6948  0.138511
  Intermediate  0.000503729  0.000369291  0.000112644  0.0362153  0.231264  0.020612  76.0175  5.09167  18.5057  0.0194992  0.0765467
  ActiveACh2  1.23273  16.9054  33.0271  4.72053  6.03848  1.90851  1.79509  7.02694  5.46628  0.0272285  21.8517
  Desensitised  0.000525504  0.000251018  0.0001463  0.223297  0.019455  72.5319  4.64585  4.82139  17.6767  0.0072702  0.0731812
  DesensitisedACh2  31.3859  14.9889  8.74324  4.75396  5.77392  1.58508  1.49071  6.23881  4.43055  0.0255449  20.5833

Slow space
Rows: Species
Column: Contribution to slow space
  4 slow; 7 fast
  ACh  20.461
  IntermediateACh  2.27682
  ActiveACh  0.148811
  BasalACh  4.24397
  DesensitisedACh  13.9854
  IntermediateACh2  20.6918
  Active  0.000650583
  Intermediate  0.00683072
  ActiveACh2  17.988
  Desensitised  0.0430647
  DesensitisedACh2  20.1537

Fast space
Rows: Species
Column: Contribution to fast space 
  4 slow; 7 fast
  ACh  5.59196
  IntermediateACh  10.8862
  ActiveACh  11.6852
  BasalACh  15.2603
  DesensitisedACh  3.77218
  IntermediateACh2  7.69276
  Active  8.17667
  Intermediate  10.3937
  ActiveACh2  8.04048
  Desensitised  10.8516
  DesensitisedACh2  7.6489


**************** Time step 7: 0.07 s **************************  

Contribution of species to modes
Rows: contribution to  mode (TS - corresponding timescale)
Columns: species     ACh   IntermediateACh   ActiveACh   BasalACh   DesensitisedACh   IntermediateACh2   Active   Intermediate   ActiveACh2   Desensitised   DesensitisedACh2
  Slow (21.1511): 3.4016 0.278225 0.0234872 0.498736 0.302985 44.9216 7.28728e-05 0.000430723 1.82932 0.000470835 48.7431 
  Slow (0.0977645): 36.0566 0.14724 0.244056 5.26985 0.107611 22.3257 0.000768781 0.000240717 18.5384 0.000167252 17.3095 
  Slow (0.0021072): 32.8453 0.0582542 0.0509056 3.64153 0.0704925 11.4346 0.00058022 7.35968e-05 40.5528 0.000109497 11.3454 
  Slow (0.000774577): 2.72939 10.5385 0.254646 6.83564 59.9263 6.32377 0.00110137 0.0326455 6.40994 0.186314 6.76173 
  Fast (0.000773293): 3.44866 56.5374 0.27909 8.66466 6.1116 8.46473 0.00129978 0.175521 8.14642 0.0190733 8.15155 
  Fast (0.000387291): 3.7557 1.01244 0.529302 16.6491 1.22789 2.61576 0.00267888 0.0186483 3.01367 68.5583 2.61647 
  Fast (0.000386727): 3.44002 1.13236 0.519587 15.2374 0.913728 2.39919 0.0206542 66.9269 2.76301 4.24863 2.39854 
  Fast (0.000247407): 5.77697 2.23507 50.8443 7.68211 2.19965 7.87452 0.0460046 3.50814 8.48346 3.47512 7.87467 
  Fast (8.82587e-05): 7.97811 2.97773 10.4401 39.4507 2.97558 4.68057 0.0188507 10.6404 5.52588 10.6314 4.68064 
  Fast (7.46418e-05): 0.0343226 0.0245137 0.122308 0.00624391 0.0245386 0.0587047 99.5764 0.0247971 0.0598362 0.00962628 0.0587047 
  Fast (2.12715e-05): 8.98312 9.01544 8.96753 9.63852 9.01528 17.9948 0.0513562 0.0360917 18.267 0.0361018 17.9948 

Modes distribution for species
Rows: Mode distribution for each species
Columns: Modes (TS - corresponding  timescale)
  Slow (21.1511)  Slow (0.0977645)  Slow (0.0021072)  Slow (0.000774577)  Fast (0.000773293)  Fast (0.000387291)  Fast (0.000386727)  Fast (0.000247407)  Fast (8.82587e-05)  Fast (7.46418e-05)  Fast (2.12715e-05)
  ACh  2.43287  34.4571  28.4977  2.08007  2.75843  2.51812  2.36724  5.08787  8.37376  0.0163695  11.4105
  IntermediateACh  0.277692  0.196359  0.0705336  11.2079  63.1072  0.947298  1.08743  2.747  4.36151  0.0163154  15.9808
  ActiveACh  0.0244838  0.339935  0.0643745  0.282853  0.325362  0.51725  0.521136  65.2663  15.9712  0.0850205  16.6021
  BasalACh  0.347123  4.90083  3.07467  5.06956  6.74435  10.8631  10.204  6.58406  40.2951  0.00289795  11.9142
  DesensitisedACh  0.314445  0.149225  0.08875  66.2704  7.0934  1.19464  0.912406  2.81111  4.53191  0.0169822  16.6168
  IntermediateACh2  28.4039  18.862  8.77093  4.26067  5.98567  1.5505  1.45961  6.13124  4.34317  0.0247524  20.2075
  Active  0.000109412  0.00154228  0.00105681  0.00176202  0.00218246  0.00377056  0.0298371  0.0850556  0.041535  99.6962  0.136942
  Intermediate  0.000508772  0.000379919  0.00010546  0.041089  0.231862  0.0206498  76.0629  5.10273  18.4446  0.019532  0.0757138
  ActiveACh2  1.23388  16.7076  33.1823  4.60698  6.14508  1.9056  1.79314  7.04625  5.4698  0.0269135  21.8824
  Desensitised  0.000531833  0.000252428  0.000150042  0.224249  0.024094  72.5968  4.61745  4.83367  17.6231  0.00725081  0.0724234
  DesensitisedACh2  31.3904  14.8945  8.86353  4.64002  5.87084  1.57961  1.4862  6.24477  4.42358  0.0252103  20.5813

Slow space
Rows: Species
Column: Contribution to slow space
  4 slow; 7 fast
  ACh  20.4411
  IntermediateACh  2.55157
  ActiveACh  0.147932
  BasalACh  4.16948
  DesensitisedACh  13.9523
  IntermediateACh2  20.6642
  Active  0.000645209
  Intermediate  0.00772018
  ActiveACh2  17.9042
  Desensitised  0.0431989
  DesensitisedACh2  20.1176

Fast space
Rows: Species
Column: Contribution to fast space 
  4 slow; 7 fast
  ACh  5.57448
  IntermediateACh  10.8358
  ActiveACh  11.6728
  BasalACh  15.25
  DesensitisedACh  3.91778
  IntermediateACh2  7.69517
  Active  8.16214
  Intermediate  10.3709
  ActiveACh2  8.04343
  Desensitised  10.8253
  DesensitisedACh2  7.65229


**************** Time step 8: 0.08 s **************************  

Contribution of species to modes
Rows: contribution to  mode (TS - corresponding timescale)
Columns: species     ACh   IntermediateACh   ActiveACh   BasalACh   DesensitisedACh   IntermediateACh2   Active   Intermediate   ActiveACh2   Desensitised   DesensitisedACh2
  Slow (21.1645): 3.45707 0.279223 0.0236772 0.502766 0.30442 44.8775 7.41661e-05 0.000434246 1.8275 0.000475465 48.7268 
  Slow (0.0985366): 36.3175 0.149356 0.243831 5.26501 0.107743 22.325 0.000775473 0.000247404 18.3481 0.000168315 17.2423 
  Slow (0.00212288): 32.572 0.0572073 0.053557 3.56652 0.0716576 11.5665 0.000575773 6.88904e-05 40.6355 0.000111857 11.4763 
  Slow (0.000778491): 2.66849 11.5412 0.248687 6.63785 59.6718 6.15713 0.00107645 0.0359391 6.24936 0.186462 6.60199 
  Fast (0.000777167): 3.45672 55.6394 0.279319 8.63408 7.01497 8.46506 0.00130248 0.173609 8.152 0.0219924 8.16154 
  Fast (0.000389249): 3.72977 1.00218 0.529322 16.6185 1.21895 2.61067 0.00268598 0.0186933 3.00901 68.6488 2.61138 
  Fast (0.000388678): 3.41786 1.12476 0.519554 15.2165 0.904749 2.39562 0.0206783 67.0181 2.75999 4.22723 2.39497 
  Fast (0.000247814): 5.77148 2.23396 50.7825 7.74244 2.19865 7.87507 0.0459773 3.51056 8.48629 3.47784 7.87522 
  Fast (8.84085e-05): 7.94051 2.9656 10.5017 39.506 2.96333 4.67863 0.0189014 10.6142 5.52724 10.6052 4.6787 
  Fast (7.47142e-05): 0.0339473 0.0241794 0.12204 0.00590837 0.0242048 0.0580074 99.5802 0.0248272 0.0591282 0.00959758 0.0580074 
  Fast (2.12729e-05): 8.98345 9.0157 8.96804 9.63563 9.01566 17.9957 0.0508236 0.0357201 18.2679 0.0357231 17.9957 

Modes distribution for species
Rows: Mode distribution for each species
Columns: Modes (TS - corresponding  timescale)
  Slow (21.1645)  Slow (0.0985366)  Slow (0.00212288)  Slow (0.000778491)  Fast (0.000777167)  Fast (0.000389249)  Fast (0.000388678)  Fast (0.000247814)  Fast (8.84085e-05)  Fast (7.47142e-05)  Fast (2.12729e-05)
  ACh  2.47575  34.6649  28.3076  2.03972  2.80248  2.49976  2.35092  5.09132  8.33255  0.0162015  11.4188
  IntermediateACh  0.276489  0.197118  0.0687445  12.1979  62.372  0.928734  1.06972  2.72488  4.30299  0.015956  15.8455
  ActiveACh  0.0246814  0.338769  0.0677509  0.276695  0.329625  0.516389  0.520181  65.2076  16.0409  0.0847795  16.5926
  BasalACh  0.350585  4.89329  3.01808  4.94039  6.81589  10.8452  10.1912  6.65042  40.3665  0.00274565  11.9257
  DesensitisedACh  0.313042  0.14767  0.0894234  65.4946  8.16648  1.1731  0.893598  2.78503  4.46519  0.0165875  16.4553
  IntermediateACh2  28.3847  18.8201  8.87804  4.15663  6.0613  1.54535  1.45532  6.13557  4.33617  0.0244506  20.2024
  Active  0.000111421  0.00155275  0.00104972  0.00172608  0.00221519  0.00377643  0.0298374  0.0850841  0.0416088  99.6975  0.13552
  Intermediate  0.000513417  0.000389866  9.88445e-05  0.0453533  0.232373  0.0206841  76.1046  5.11275  18.3887  0.019562  0.0749593
  ActiveACh2  1.23498  16.526  33.3249  4.5076  6.23658  1.90302  1.79141  7.06423  5.47322  0.0266286  21.9114
  Desensitised  0.000537701  0.000253701  0.000153513  0.225072  0.0281563  72.6563  4.59159  4.84481  17.5742  0.00723328  0.0717051
  DesensitisedACh2  31.3958  14.8072  8.97358  4.54032  5.95328  1.57468  1.48214  6.25045  4.41734  0.024908  20.5803

Slow space
Rows: Species
Column: Contribution to slow space
  4 slow; 7 fast
  ACh  20.4256
  IntermediateACh  2.78868
  ActiveACh  0.14719
  BasalACh  4.10366
  DesensitisedACh  13.9205
  IntermediateACh2  20.643
  Active  0.00064057
  Intermediate  0.00849794
  ActiveACh2  17.8307
  Desensitised  0.0433177
  DesensitisedACh2  20.0882

Fast space
Rows: Species
Column: Contribution to fast space 
  4 slow; 7 fast
  ACh  5.55889
  IntermediateACh  10.7902
  ActiveACh  11.6632
  BasalACh  15.2414
  DesensitisedACh  4.04316
  IntermediateACh2  7.69731
  Active  8.15009
  Intermediate  10.3516
  ActiveACh2  8.04612
  Desensitised  10.8028
  DesensitisedACh2  7.65527


**************** Time step 9: 0.09 s **************************  

Contribution of species to modes
Rows: contribution to  mode (TS - corresponding timescale)
Columns: species     ACh   IntermediateACh   ActiveACh   BasalACh   DesensitisedACh   IntermediateACh2   Active   Intermediate   ActiveACh2   Desensitised   DesensitisedACh2
  Slow (21.177): 3.50891 0.28013 0.0238534 0.506506 0.305738 44.8364 7.53758e-05 0.000437477 1.82579 0.000479741 48.7116 
  Slow (0.0992586): 36.5574 0.151327 0.243611 5.26029 0.107858 22.3251 0.000781632 0.000253667 18.1734 0.000169287 17.1798 
  Slow (0.00213731): 32.3221 0.0562637 0.055979 3.49845 0.0727291 11.6869 0.000571679 6.4574e-05 40.7111 0.00011404 11.5958 
  Slow (0.000782092): 2.61578 12.4101 0.243525 6.46643 59.4512 6.01266 0.0010549 0.038829 6.11016 0.186634 6.46365 
  Fast (0.000780732): 3.46407 54.8766 0.279492 8.60613 7.78271 8.46568 0.00130488 0.172024 8.15709 0.0245043 8.17036 
  Fast (0.00039105): 3.70611 0.992829 0.529332 16.5903 1.21083 2.606 0.00269248 0.0187348 3.00472 68.7317 2.60672 
  Fast (0.000390474): 3.39762 1.11783 0.519515 15.1972 0.896567 2.39233 0.0207004 67.1018 2.7572 4.20765 2.39166 
  Fast (0.000248186): 5.76636 2.233 50.7262 7.7976 2.19778 7.87559 0.0459523 3.51265 8.4889 3.48025 7.87574 
  Fast (8.85456e-05): 7.90607 2.95449 10.5581 39.5566 2.95216 4.67686 0.0189481 10.5901 5.52849 10.5813 4.67693 
  Fast (7.47804e-05): 0.033607 0.0238764 0.121796 0.00560441 0.0239021 0.0573751 99.5836 0.0248546 0.0584862 0.00957146 0.0573752 
  Fast (2.12742e-05): 8.98375 9.01593 8.96849 9.63299 9.01601 17.9965 0.0503408 0.0353831 18.2688 0.0353802 17.9965 

Modes distribution for species
Rows: Mode distribution for each species
Columns: Modes (TS - corresponding  timescale)
  Slow (21.177)  Slow (0.0992586)  Slow (0.00213731)  Slow (0.000782092)  Fast (0.000780732)  Fast (0.00039105)  Fast (0.000390474)  Fast (0.000248186)  Fast (8.85456e-05)  Fast (7.47804e-05)  Fast (2.12742e-05)
  ACh  2.51595  34.8549  28.1329  2.00423  2.84073  2.48308  2.33607  5.09449  8.295  0.0160494  11.4267
  IntermediateACh  0.275563  0.197941  0.0671853  13.0452  61.7394  0.912594  1.05443  2.70657  4.25276  0.0156433  15.7327
  ActiveACh  0.0248651  0.337672  0.0708353  0.271269  0.333214  0.515597  0.519301  65.154  16.1047  0.0845614  16.5841
  BasalACh  0.353809  4.88599  2.9665  4.82687  6.87553  10.8288  10.1796  6.71142  40.4324  0.00260743  11.9365
  DesensitisedACh  0.311988  0.146352  0.090091  64.8284  9.08306  1.15455  0.877308  2.76338  4.40812  0.0162451  16.3205
  IntermediateACh2  28.3675  18.782  8.97584  4.06513  6.12584  1.54066  1.45142  6.13963  4.32983  0.0241776  20.198
  Active  0.000113301  0.0015623  0.00104313  0.00169445  0.00224329  0.00378179  0.0298376  0.0851098  0.0416769  99.6987  0.134232
  Intermediate  0.000517691  0.000399152  9.27595e-05  0.0491009  0.232819  0.020716  76.1431  5.12177  18.3376  0.0195894  0.074275
  ActiveACh2  1.23601  16.3593  33.4556  4.42019  6.31568  1.90071  1.78986  7.08095  5.47651  0.0263708  21.9388
  Desensitised  0.000543135  0.00025485  0.000156727  0.225793  0.031729  72.711  4.56796  4.8549  17.5294  0.00721735  0.0710548
  DesensitisedACh2  31.4019  14.7266  9.07421  4.45265  6.02391  1.57022  1.47845  6.25582  4.41175  0.0246346  20.5799

Slow space
Rows: Species
Column: Contribution to slow space
  4 slow; 7 fast
  ACh  20.4134
  IntermediateACh  2.99445
  ActiveACh  0.146561
  BasalACh  4.04534
  DesensitisedACh  13.8908
  IntermediateACh2  20.6266
  Active  0.000636559
  Intermediate  0.00918126
  ActiveACh2  17.7658
  Desensitised  0.0434241
  DesensitisedACh2  20.0639

Fast space
Rows: Species
Column: Contribution to fast space 
  4 slow; 7 fast
  ACh  5.54493
  IntermediateACh  10.7491
  ActiveACh  11.6557
  BasalACh  15.2341
  DesensitisedACh  4.15172
  IntermediateACh2  7.69921
  Active  8.14004
  Intermediate  10.3351
  ActiveACh2  8.04858
  Desensitised  10.7835
  DesensitisedACh2  7.65792


**************** Time step 10: 0.1 s **************************  

Contribution of species to modes
Rows: contribution to  mode (TS - corresponding timescale)
Columns: species     ACh   IntermediateACh   ActiveACh   BasalACh   DesensitisedACh   IntermediateACh2   Active   Intermediate   ActiveACh2   Desensitised   DesensitisedACh2
  Slow (21.1887): 3.55727 0.280956 0.0240166 0.509969 0.306949 44.7981 7.65049e-05 0.000440439 1.8242 0.000483687 48.6975 
  Slow (0.0999323): 36.7777 0.153157 0.243398 5.25571 0.107958 22.3258 0.000787295 0.00025952 18.0132 0.000170176 17.1219 
  Slow (0.00215059): 32.0936 0.0554127 0.0581908 3.43665 0.0737134 11.7968 0.000567913 6.06177e-05 40.7801 0.000116056 11.7048 
  Slow (0.000785403): 2.56984 13.1672 0.239028 6.31708 59.2593 5.8866 0.00103615 0.0413768 5.98871 0.186821 6.34306 
  Fast (0.000784008): 3.47076 54.2233 0.279623 8.58062 8.44063 8.46648 0.00130701 0.170698 8.16173 0.0266823 8.17817 
  Fast (0.000392706): 3.68451 0.984303 0.529337 16.5644 1.20349 2.6017 0.00269842 0.0187728 3.00076 68.8076 2.60243 
  Fast (0.000392125): 3.37916 1.11152 0.519494 15.1795 0.889151 2.38932 0.0207205 67.178 2.75465 4.18979 2.38865 
  Fast (0.000248527): 5.76161 2.23218 50.6748 7.84798 2.19693 7.87609 0.0459295 3.51455 8.49132 3.48235 7.87624 
  Fast (8.86709e-05): 7.87453 2.94433 10.6098 39.6027 2.94202 4.67523 0.0189911 10.5682 5.52963 10.5593 4.6753 
  Fast (7.48408e-05): 0.0332985 0.0236016 0.121576 0.00532903 0.0236271 0.0568019 99.5866 0.0248795 0.0579042 0.00954764 0.0568019 
  Fast (2.12753e-05): 8.98404 9.01616 8.96893 9.63061 9.01617 17.9972 0.0499031 0.0350778 18.2696 0.0350785 17.9972 

Modes distribution for species
Rows: Mode distribution for each species
Columns: Modes (TS - corresponding  timescale)
  Slow (21.1887)  Slow (0.0999323)  Slow (0.00215059)  Slow (0.000785403)  Fast (0.000784008)  Fast (0.000392706)  Fast (0.000392125)  Fast (0.000248527)  Fast (8.86709e-05)  Fast (7.48408e-05)  Fast (2.12753e-05)
  ACh  2.55354  35.0284  27.9724  1.97287  2.87412  2.46789  2.32259  5.0974  8.26077  0.0159116  11.4341
  IntermediateACh  0.274847  0.198792  0.0658183  13.7756  61.1916  0.898466  1.04113  2.69128  4.20928  0.0153695  15.6378
  ActiveACh  0.0250354  0.336644  0.0736517  0.266476  0.336257  0.514869  0.518515  65.105  16.1629  0.0843638  16.5763
  BasalACh  0.356804  4.87895  2.91948  4.7268  6.92561  10.8139  10.169  6.7674  40.493  0.00248198  11.9465
  DesensitisedACh  0.311196  0.145222  0.0907403  64.2527  9.87183  1.1385  0.86314  2.74514  4.35897  0.0159458  16.2067
  IntermediateACh2  28.3519  18.7474  9.0651  3.9843  6.18128  1.53638  1.44788  6.14343  4.32409  0.0239304  20.1944
  Active  0.000115058  0.001571  0.00103704  0.00166654  0.00226758  0.00378668  0.0298378  0.0851331  0.0417396  99.6998  0.133063
  Intermediate  0.000521619  0.000407802  8.71671e-05  0.0524072  0.233212  0.0207452  76.1784  5.12999  18.291  0.0196144  0.0736551
  ActiveACh2  1.23697  16.2065  33.5754  4.34297  6.38446  1.89863  1.78851  7.09646  5.47966  0.0261374  21.9643
  Desensitised  0.000548161  0.000255889  0.000159697  0.226431  0.0348835  72.7613  4.54645  4.86401  17.4883  0.00720285  0.0704835
  DesensitisedACh2  31.4083  14.6521  9.16616  4.37525  6.08482  1.56616  1.47512  6.26088  4.40674  0.0243874  20.58

Slow space
Rows: Species
Column: Contribution to slow space
  4 slow; 7 fast
  ACh  20.4037
  IntermediateACh  3.17392
  ActiveACh  0.146026
  BasalACh  3.99351
  DesensitisedACh  13.8631
  IntermediateACh2  20.6139
  Active  0.000633075
  Intermediate  0.00978413
  ActiveACh2  17.7083
  Desensitised  0.0435203
  DesensitisedACh2  20.0436

Fast space
Rows: Species
Column: Contribution to fast space 
  4 slow; 7 fast
  ACh  5.53241
