Time Scale Separation Analysis Task

Problem Description:
    StepNumber: 100
    StepSize: 0.01
    Duration: 1
    TimeSeriesRequested: 1
    OutputStartTime: 0

Method: ILDM (LSODA,Deuflhard)
    Deuflhard Tolerance: 0.0001



Time Scale Separation Analysis Result:

Problem Description:
    StepNumber: 100
    StepSize: 0.01
    Duration: 1
    TimeSeriesRequested: 1
    OutputStartTime: 0

**************** Time step 1: 0.01 s **************************  

Contribution of species to modes
Rows : contribution to  mode (TS - corresponding timescale)
Columns: species     ACh   IntermediateACh   ActiveACh   BasalACh   DesensitisedACh   IntermediateACh2   Active   Intermediate   ActiveACh2   Desensitised   DesensitisedACh2
  Slow (20.9295):  0.0017462 0.142107 0.000687071 0.00131661 33.1892 0.140364 0.000639923 0.143798 0.00168505 33.1911 33.1874
  Fast (0.0849213):  30.4702 0.117796 0.266597 5.75041 0.0987339 22.4663 0.000649135 0.000153691 22.3164 0.000131645 18.5126
  Fast (0.00180576):  38.4232 0.0505316 0.0473696 6.04901 0.0444435 8.40219 0.000696995 7.73491e-05 38.6493 5.92585e-05 8.3331
  Fast (0.000664894):  3.07364 1.1792 0.303813 9.58152 61.3434 8.00517 0.00130383 0.0031918 8.01901 0.163642 8.32606
  Fast (0.000664121):  2.74418 61.133 0.232619 8.52264 5.51242 7.44746 0.00108615 0.162853 7.13689 0.0146494 7.09222
  Fast (0.000332447):  4.67919 1.33189 0.481316 17.43 1.50991 2.72555 0.00242465 0.0174229 3.10016 65.9961 2.72606
  Fast (0.00033203):  4.22751 1.37127 0.480014 15.7333 1.18875 2.46666 0.0200269 64.3757 2.8047 4.86585 2.4662
  Fast (0.000234731):  5.98191 2.32526 52.924 5.75635 2.28899 7.85049 0.0468837 3.31676 8.3861 3.27265 7.85062
  Fast (8.32792e-05):  9.37515 3.33056 8.55512 37.7836 3.32861 4.70921 0.0180305 11.3758 5.44817 11.3665 4.70927
  Fast (7.2339e-05):  0.0484266 0.0367334 0.132683 0.0177415 0.0367582 0.0843798 99.4386 0.0235112 0.0859164 0.0108635 0.0843798
  Fast (2.12316e-05):  8.95305 9.00796 8.95168 9.73911 9.00796 17.9662 0.0709542 0.0497376 18.2375 0.0497395 17.9662

Modes distribution for species
Rows: Mode distribution for each species
Columns: Modes (TS - corresponding  timescale)
  Slow (20.9295)  Fast (0.0849213)  Fast (0.00180576)  Fast (0.000664894)  Fast (0.000664121)  Fast (0.000332447)  Fast (0.00033203)  Fast (0.000234731)  Fast (8.32792e-05)  Fast (7.2339e-05)  Fast (2.12316e-05)
  ACh  1.67481  28.3056  31.8679  0.311049  2.44381  5.37951  2.80119  5.23171  9.26703  0.0249218  12.6925
  IntermediateACh  0.25997  0.313908  0.117733  1.62046  69.0872  1.04137  1.48801  3.03574  5.48913  0.0268342  17.5197
  ActiveACh  0.0228872  0.380095  0.0643684  0.310763  0.265918  0.465034  0.509712  67.2211  13.708  0.0943369  16.9578
  BasalACh  0.309982  5.22477  4.91806  6.41362  6.14599  11.0188  10.6306  4.60506  38.6805  0.00849632  12.0441
  DesensitisedACh  0.269763  0.00130102  0.000423617  66.2881  5.95608  1.88358  1.21401  2.80129  5.14128  0.0251775  16.419
  IntermediateACh2  13.0187  15.871  5.53029  12.4313  5.73237  18.1831  0.174123  4.90188  2.00425  0.0357181  22.1172
  Active  7.76314e-05  0.00130538  0.00125402  0.0019497  0.00173108  0.00341659  0.0298871  0.0839516  0.0407305  99.6464  0.189337
  Intermediate  0.000376323  0.000448996  0.000184264  0.00432103  0.199948  0.0202384  74.9592  4.63382  20.0592  0.0183802  0.103869
  ActiveACh2  1.21205  19.6914  29.909  4.12528  5.2606  3.59938  1.75689  6.8023  5.03252  0.039633  22.571
  Desensitised  0.000383468  1.84956e-06  6.01553e-07  0.188963  0.0169769  70.9483  5.37744  4.33964  19.0224  0.0080608  0.0978516
  DesensitisedACh2  21.4759  0.103567  0.0337552  28.3056  2.45123  27.5753  2.53804  0.509802  9.81416  0.00722398  7.18553

Slow space
Rows: Species
Column: Contribution to slow space
  1 slow; 10 fast
  ACh  0.0017462
  IntermediateACh  0.142107
  ActiveACh  0.000687071
  BasalACh  0.00131661
  DesensitisedACh  33.1892
  IntermediateACh2  0.140364
  Active  0.000639923
  Intermediate  0.143798
  ActiveACh2  0.00168505
  Desensitised  33.1911
  DesensitisedACh2  33.1874

Fast space
Rows: Species
Column: Contribution to fast space
  1 slow; 10 fast
  ACh  11.8687
  IntermediateACh  7.82698
  ActiveACh  7.98818
  BasalACh  12.5508
  DesensitisedACh  8.18564
  IntermediateACh2  9.40998
  Active  5.66443
  Intermediate  7.26092
  ActiveACh2  12.6588
  Desensitised  7.6505
  DesensitisedACh2  8.93517

Reactions slow space
Rows: Reactions
Column: Contribution to slow space 
  React0  -0.000431368
  React1  -0.00307549
  React2  0.00169203
  React3  -0.00170608
  React4  -0.000751314
  React5  0.000642572
  React6  -0.000632144
  React7  -0.00345153
  React8  -0.00350347
  React9  0.143751
  React10  0.142005
  React11  0.139253
  React12  -0.0035929
  React13  -0.0035929
  React14  33.1841
  React15  33.184
  React16  33.1839


**************** Time step 2: 0.02 s **************************  

Contribution of species to modes
Rows : contribution to  mode (TS - corresponding timescale)
Columns: species     ACh   IntermediateACh   ActiveACh   BasalACh   DesensitisedACh   IntermediateACh2   Active   Intermediate   ActiveACh2   Desensitised   DesensitisedACh2
  Slow (21.0692):  0.00210777 0.155402 0.000666563 0.00162559 33.1756 0.15331 0.00068263 0.15743 0.00204231 33.1778 33.1734
  Fast (0.0930293):  34.3476 0.134185 0.245206 5.29379 0.106563 22.3508 0.000725204 0.000200522 19.7902 0.000160115 17.7305
  Fast (0.00200496):  34.6704 0.0654011 0.0330674 4.15839 0.0628946 10.5472 0.000609148 0.000103915 39.997 9.45003e-05 10.4649
  Fast (0.000749013):  3.23979 2.17977 0.304264 8.48367 62.0416 7.71123 0.00130999 0.00647592 7.74813 0.186512 8.09721
  Fast (0.00074798):  3.24911 62.0661 0.264255 8.48956 2.13713 8.11208 0.00122394 0.186301 7.76142 0.00635245 7.72648
  Fast (0.000374507):  3.93099 1.08192 0.52906 16.8508 1.28843 2.64949 0.00263137 0.018358 3.04441 67.9538 2.65014
  Fast (0.000373979):  3.58918 1.18404 0.519831 15.3729 0.974024 2.42254 0.0204936 66.3199 2.78253 4.39257 2.42194
  Fast (0.000244679):  5.81089 2.24385 51.2622 7.27732 2.20852 7.871 0.0461868 3.48957 8.46493 3.45439 7.87114
  Fast (8.72582e-05):  8.22834 3.0586 10.0319 39.0817 3.05651 4.69317 0.0185233 10.8153 5.51669 10.806 4.69323
  Fast (7.41534e-05):  0.0369212 0.0268308 0.124183 0.00857581 0.0268568 0.0635352 99.5504 0.0245909 0.0647409 0.00982305 0.0635353
  Fast (2.12621e-05):  8.98076 9.01354 8.96397 9.658 9.01414 17.9884 0.0550482 0.0386671 18.2604 0.0386316 17.9884

Modes distribution for species
Rows: Mode distribution for each species
Columns: Modes (TS - corresponding  timescale)
  Slow (21.0692)  Fast (0.0930293)  Fast (0.00200496)  Fast (0.000749013)  Fast (0.00074798)  Fast (0.000374507)  Fast (0.000373979)  Fast (0.000244679)  Fast (8.72582e-05)  Fast (7.41534e-05)  Fast (2.12621e-05)
  ACh  2.12272  31.2536  29.6139  0.103897  2.77059  5.43475  2.31141  5.30363  7.8626  0.0194353  13.2034
  IntermediateACh  0.293037  0.342293  0.161879  2.10657  69.4663  0.713531  1.25938  3.02427  4.97483  0.0197083  17.6382
  ActiveACh  0.0232596  0.335543  0.0356347  0.302903  0.290871  0.492054  0.529156  65.6983  15.5061  0.0867771  16.6994
  BasalACh  0.327174  4.80163  3.56015  5.71249  6.15618  10.6018  10.3599  6.12425  40.1255  0.00432262  12.2266
  DesensitisedACh  0.31917  0.00160458  0.000703903  69.6556  2.34587  1.75645  1.014  2.89588  4.83529  0.0192023  17.1562
  IntermediateACh2  13.0232  15.2158  7.0751  12.6383  5.08124  18.2155  0.000387617  4.96138  1.62972  0.0263442  22.133
  Active  9.71688e-05  0.00142323  0.00112676  0.00192262  0.00191948  0.00360031  0.0298297  0.0848392  0.0410309  99.6873  0.146895
  Intermediate  0.000478457  0.000557428  0.000272451  0.00734465  0.22689  0.021075  75.7911  5.03266  18.8189  0.0193309  0.0814191
  ActiveACh2  1.22089  17.201  31.7507  3.93422  5.59102  3.55396  1.73264  7.10058  5.08197  0.0300699  22.803
  Desensitised  0.000494406  2.48478e-06  1.09147e-06  0.216451  0.00728736  72.1958  4.79182  4.75579  17.9483  0.00737149  0.0767082
  DesensitisedACh2  22.0039  0.110656  0.0484767  29.0376  0.875425  28.4224  2.21045  0.679356  9.27254  0.0046412  7.33459

Slow space
Rows: Species
Column: Contribution to slow space
  1 slow; 10 fast
  ACh  0.00210777
  IntermediateACh  0.155402
  ActiveACh  0.000666563
  BasalACh  0.00162559
  DesensitisedACh  33.1756
  IntermediateACh2  0.15331
  Active  0.00068263
  Intermediate  0.15743
  ActiveACh2  0.00204231
  Desensitised  33.1778
  DesensitisedACh2  33.1734

Fast space
Rows: Species
Column: Contribution to fast space
  1 slow; 10 fast
  ACh  11.7551
  IntermediateACh  7.88763
  ActiveACh  8.17626
  BasalACh  12.353
  DesensitisedACh  7.87599
  IntermediateACh2  9.64606
  Active  5.70203
  Intermediate  7.2636
  ActiveACh2  12.6277
  Desensitised  7.6095
  DesensitisedACh2  9.10306

Reactions slow space
Rows: Reactions
Column: Contribution to slow space 
  React0  -0.000484362
  React1  -0.0037502
  React2  0.00205152
  React3  -0.00213342
  React4  -0.000735325
  React5  0.000685709
  React6  -0.000963348
  React7  -0.00415464
  React8  -0.00421871
  React9  0.157454
  React10  0.155433
  React11  0.151949
  React12  -0.00432928
  React13  -0.00432929
  React14  33.1693
  React15  33.1691
  React16  33.169


**************** Time step 3: 0.03 s **************************  

Contribution of species to modes
Rows : contribution to  mode (TS - corresponding timescale)
Columns: species     ACh   IntermediateACh   ActiveACh   BasalACh   DesensitisedACh   IntermediateACh2   Active   Intermediate   ActiveACh2   Desensitised   DesensitisedACh2
  Slow (21.0884):  0.00215884 0.15722 0.000668895 0.00166678 33.1737 0.155085 0.000691229 0.15929 0.00209146 33.176 33.1715
  Fast (0.0941448):  34.768 0.137189 0.244953 5.289 0.106852 22.3416 0.000735869 0.000209603 19.4814 0.000161904 17.6299
  Fast (0.00203002):  34.2158 0.0637482 0.037563 4.02682 0.0647577 10.7693 0.00060205 9.70038e-05 40.1359 9.81152e-05 10.6853
  Fast (0.000755303):  3.0994 4.48764 0.29053 8.02597 61.459 7.32879 0.00125176 0.0135161 7.37917 0.186315 7.72847
  Fast (0.000754212):  3.40829 62.3935 0.277096 8.81843 0.228416 8.47073 0.00128451 0.188863 8.11837 0.000766508 8.09423
  Fast (0.000377653):  3.88691 1.06444 0.52927 16.8012 1.27297 2.64114 0.00264352 0.0184234 3.03684 68.1044 2.64181
  Fast (0.000377116):  3.55166 1.171 0.51977 15.3395 0.9587 2.41674 0.0205339 66.4717 2.7777 4.35648 2.41613
  Fast (0.000245361):  5.80281 2.2414 51.1569 7.37867 2.2061 7.87183 0.0461412 3.49453 8.46948 3.46013 7.87198
  Fast (8.75081e-05):  8.166 3.03849 10.1334 39.1741 3.03597 4.69005 0.0186033 10.7715 5.51899 10.7627 4.69012
  Fast (7.4276e-05):  0.036257 0.0262382 0.123702 0.00797847 0.0262643 0.0623002 99.5571 0.0246434 0.0634869 0.00977337 0.0623002
  Fast (2.12645e-05):  8.98138 9.01404 8.96489 9.65311 9.01419 17.9901 0.054104 0.0380076 18.2621 0.0380006 17.9901

Modes distribution for species
Rows: Mode distribution for each species
Columns: Modes (TS - corresponding  timescale)
  Slow (21.0884)  Fast (0.0941448)  Fast (0.00203002)  Fast (0.000755303)  Fast (0.000754212)  Fast (0.000377653)  Fast (0.000377116)  Fast (0.000245361)  Fast (8.75081e-05)  Fast (7.4276e-05)  Fast (2.12645e-05)
  ACh  2.17558  31.4756  29.2545  0.261728  2.77764  5.46681  2.27598  5.30286  7.75846  0.0190924  13.2317
  IntermediateACh  0.28813  0.337723  0.158334  4.62683  67.6897  0.674343  1.21347  2.95406  4.81783  0.0188151  17.2208
  ActiveACh  0.0235534  0.333859  0.0411321  0.290395  0.301321  0.490364  0.527506  65.5987  15.6233  0.0863458  16.6835
  BasalACh  0.332304  4.79217  3.46651  5.44537  6.34465  10.563  10.3367  6.23119  40.2365  0.00405013  12.2476
  DesensitisedACh  0.328791  0.00166075  0.000753926  71.1697  0.313871  1.77876  1.01709  2.95811  4.89626  0.0191722  17.5158
  IntermediateACh2  13.0533  15.1734  7.25612  12.842  4.61159  18.2553  0.011619  4.97939  1.60598  0.0258435  22.1855
  Active  0.000100035  0.00143993  0.00111742  0.00184799  0.00199529  0.00360686  0.0298304  0.0848903  0.0411467  99.6896  0.144377
  Intermediate  0.000485934  0.000572843  0.000267832  0.0160905  0.228491  0.0211315  75.8581  5.05055  18.7249  0.0193817  0.0800866
  ActiveACh2  1.22282  16.9181  31.9863  3.73257  5.75491  3.55244  1.73111  7.13029  5.09002  0.0295429  22.8519
  Desensitised  0.000503518  2.53938e-06  1.16131e-06  0.218646  0.000966626  72.3028  4.74842  4.77648  17.8693  0.00734188  0.0755196
  DesensitisedACh2  22.1629  0.11212  0.0505207  29.2507  0.233364  28.6355  2.1966  0.689463  9.27932  0.00450018  7.38512

Slow space
Rows: Species
Column: Contribution to slow space
  1 slow; 10 fast
  ACh  0.00215884
  IntermediateACh  0.15722
  ActiveACh  0.000668895
  BasalACh  0.00166678
  DesensitisedACh  33.1737
  IntermediateACh2  0.155085
  Active  0.000691229
  Intermediate  0.15929
  ActiveACh2  0.00209146
  Desensitised  33.176
  DesensitisedACh2  33.1715

Fast space
Rows: Species
Column: Contribution to fast space
  1 slow; 10 fast
  ACh  11.7405
  IntermediateACh  8.08085
  ActiveACh  8.18646
  BasalACh  12.3341
  DesensitisedACh  7.70614
  IntermediateACh2  9.66233
  Active  5.70303
  Intermediate  7.26101
  ActiveACh2  12.6105
  Desensitised  7.60254
  DesensitisedACh2  9.11252

Reactions slow space
Rows: Reactions
Column: Contribution to slow space 
  React0  -0.000494309
  React1  -0.00384306
  React2  0.002101
  React3  -0.00219112
  React4  -0.000739629
  React5  0.000694382
  React6  -0.00100243
  React7  -0.00424827
  React8  -0.00431363
  React9  0.159322
  React10  0.157265
  React11  0.153691
  React12  -0.00442648
  React13  -0.00442649
  React14  33.1672
  React15  33.1671
  React16  33.1669


**************** Time step 4: 0.04 s **************************  

Contribution of species to modes
Rows : contribution to  mode (TS - corresponding timescale)
Columns: species     ACh   IntermediateACh   ActiveACh   BasalACh   DesensitisedACh   IntermediateACh2   Active   Intermediate   ActiveACh2   Desensitised   DesensitisedACh2
  Slow (21.1055):  0.002204 0.158829 0.000670872 0.00170321 33.1721 0.156655 0.000698826 0.160936 0.00213493 33.1743 33.1698
  Fast (0.0951319):  35.1305 0.139949 0.244737 5.28441 0.107084 22.3351 0.000745105 0.000218041 19.2155 0.000163425 17.5416
  Fast (0.00205168):  33.8267 0.0621471 0.0413588 3.91587 0.0663669 10.9588 0.000595934 9.03914e-05 40.2546 0.00010127 10.8734
  Fast (0.000760716):  2.98193 6.40387 0.279164 7.64918 60.9741 7.0107 0.00120409 0.0194551 7.07231 0.186172 7.42198
  Fast (0.000759572):  3.41972 60.4532 0.277834 8.77466 2.17634 8.46749 0.00128919 0.184307 8.12638 0.00671813 8.11201
  Fast (0.00038036):  3.84947 1.04959 0.529301 16.7584 1.26004 2.63397 0.00265355 0.018487 3.03031 68.2331 2.63465
  Fast (0.000379815):  3.51989 1.15996 0.51973 15.3111 0.945862 2.41183 0.0205679 66.6004 2.77362 4.32583 2.41121
  Fast (0.000245943):  5.79574 2.23946 51.0677 7.46494 2.20411 7.87256 0.0461025 3.4987 8.47339 3.46465 7.87271
  Fast (8.77211e-05):  8.11276 3.02126 10.2202 39.2526 3.01878 4.68737 0.0186724 10.7345 5.52094 10.7255 4.68744
  Fast (7.43802e-05):  0.0356985 0.0257401 0.123298 0.00747679 0.0257655 0.0612619 99.5626 0.0246875 0.0624327 0.00973111 0.0612619
  Fast (2.12665e-05):  8.98189 9.01445 8.96566 9.64894 9.01439 17.9914 0.0533102 0.037455 18.2636 0.0374594 17.9914

Modes distribution for species
Rows: Mode distribution for each species
Columns: Modes (TS - corresponding  timescale)
  Slow (21.1055)  Fast (0.0951319)  Fast (0.00205168)  Fast (0.000760716)  Fast (0.000759572)  Fast (0.00038036)  Fast (0.000379815)  Fast (0.000245943)  Fast (8.77211e-05)  Fast (7.43802e-05)  Fast (2.12665e-05)
  ACh  2.22243  31.6631  28.9468  0.398049  2.77735  5.49687  2.2462  5.30249  7.66996  0.0188057  13.2579
  IntermediateACh  0.284395  0.334513  0.155358  6.66478  66.2316  0.643121  1.17731  2.89979  4.69429  0.0181091  16.8967
  ActiveACh  0.0238142  0.332394  0.045772  0.279551  0.309712  0.48877  0.526131  65.5146  15.7232  0.0859846  16.6701
  BasalACh  0.336861  4.78376  3.3874  5.21579  6.49565  10.5308  10.3185  6.32359  40.3365  0.00382112  12.2673
  DesensitisedACh  0.324197  0.00164268  0.000770904  69.6057  2.54682  1.72875  0.980368  2.89585  4.75793  0.0184036  17.1396
  IntermediateACh2  13.0813  15.1381  7.41255  13.0028  4.20941  18.2924  0.0218411  4.99586  1.58596  0.0254258  22.2344
  Active  0.000102585  0.00145419  0.00110929  0.00178378  0.0020571  0.00361178  0.0298308  0.0849331  0.0412469  99.6916  0.14226
  Intermediate  0.000492337  0.000586912  0.000262896  0.0235854  0.229612  0.0211881  75.9148  5.06569  18.6454  0.0194244  0.0789694
  ActiveACh2  1.2246  16.6756  32.1911  3.5577  5.88889  3.55155  1.73011  7.15676  5.09765  0.0291031  22.897
  Desensitised  0.000511378  2.58175e-06  1.23209e-06  0.220262  0.00806164  72.3857  4.71113  4.79307  17.7995  0.0073158  0.0744889
  DesensitisedACh2  21.9773  0.11176  0.0515646  28.9753  1.16477  28.4019  2.1532  0.687822  9.15082  0.00431667  7.32133

Slow space
Rows: Species
Column: Contribution to slow space
  1 slow; 10 fast
  ACh  0.002204
  IntermediateACh  0.158829
  ActiveACh  0.000670872
  BasalACh  0.00170321
  DesensitisedACh  33.1721
  IntermediateACh2  0.156655
  Active  0.000698826
  Intermediate  0.160936
  ActiveACh2  0.00213493
  Desensitised  33.1743
  DesensitisedACh2  33.1698

Fast space
Rows: Species
Column: Contribution to fast space
  1 slow; 10 fast
  ACh  11.6917
  IntermediateACh  8.21301
  ActiveACh  8.17065
  BasalACh  12.2796
  DesensitisedACh  7.85268
  IntermediateACh2  9.64572
  Active  5.6869
  Intermediate  7.23719
  ActiveACh2  12.5562
  Desensitised  7.57489
  DesensitisedACh2  9.09143

Reactions slow space
Rows: Reactions
Column: Contribution to slow space 
  React0  -0.000503092
  React1  -0.0039252
  React2  0.00214476
  React3  -0.00224223
  React4  -0.000743343
  React5  0.000702044
  React6  -0.00103709
  React7  -0.00433094
  React8  -0.00439746
  React9  0.160975
  React10  0.158886
  React11  0.155232
  React12  -0.00451232
  React13  -0.0045123
  React14  33.1654
  React15  33.1653
  React16  33.1651


**************** Time step 5: 0.05 s **************************  

Contribution of species to modes
Rows : contribution to  mode (TS - corresponding timescale)
Columns: species     ACh   IntermediateACh   ActiveACh   BasalACh   DesensitisedACh   IntermediateACh2   Active   Intermediate   ActiveACh2   Desensitised   DesensitisedACh2
  Slow (21.1216):  0.00224657 0.160345 0.000672646 0.00173758 33.1705 0.158136 0.000705972 0.162487 0.00217593 33.1728 33.1682
  Fast (0.0960634):  35.4648 0.142541 0.244513 5.27962 0.107285 22.3305 0.000753639 0.00022604 18.9707 0.000164816 17.4589
  Fast (0.00207169):  33.4703 0.0607091 0.0448298 3.81535 0.067854 11.132 0.000590275 8.43113e-05 40.363 0.000104213 11.0452
  Fast (0.000765714):  2.88327 8.01184 0.269662 7.33373 60.5671 6.74337 0.0011642 0.0245176 6.81445 0.186147 7.16473
  Fast (0.00076452):  3.43021 58.8881 0.278381 8.73471 3.74855 8.46567 0.00129322 0.180719 8.13366 0.0115933 8.12713
  Fast (0.000382859):  3.81525 1.03602 0.529227 16.7186 1.24855 2.62734 0.00266267 0.0185447 3.02425 68.3515 2.62803
  Fast (0.000382308):  3.49081 1.14986 0.519661 15.2844 0.934381 2.40727 0.0205992 66.7189 2.76981 4.29762 2.40664
  Fast (0.000246475):  5.78913 2.2378 50.9863 7.54394 2.20213 7.87332 0.046067 3.50223 8.47708 3.46849 7.87347
  Fast (8.79163e-05):  8.06394 3.00543 10.2998 39.3243 3.00366 4.68496 0.0187365 10.7002 5.52278 10.6911 4.68503
  Fast (7.44754e-05):  0.0351938 0.0252901 0.122934 0.00702406 0.025314 0.0603237 99.5677 0.0247277 0.0614801 0.0096926 0.0603238
  Fast (2.12683e-05):  8.98236 9.01483 8.96636 9.64517 9.01447 17.9927 0.0525932 0.0369543 18.2649 0.0369771 17.9927

Modes distribution for species
Rows: Mode distribution for each species
Columns: Modes (TS - corresponding  timescale)
  Slow (21.1216)  Fast (0.0960634)  Fast (0.00207169)  Fast (0.000765714)  Fast (0.00076452)  Fast (0.000382859)  Fast (0.000382308)  Fast (0.000246475)  Fast (8.79163e-05)  Fast (7.44754e-05)  Fast (2.12683e-05)
  ACh  2.26683  31.8343  28.666  0.519047  2.77317  5.52675  2.21923  5.30258  7.58949  0.0185486  13.2841
  IntermediateACh  0.281614  0.332311  0.153046  8.33677  65.0226  0.616759  1.14753  2.85723  4.59359  0.0175221  16.6411
  ActiveACh  0.0240586  0.330995  0.0500143  0.270121  0.316493  0.487208  0.524841  65.4379  15.8147  0.0856592  16.658
  BasalACh  0.34116  4.7755  3.31547  5.01691  6.61668  10.5017  10.3021  6.40909  40.4312  0.00361413  12.2866
  DesensitisedACh  0.320814  0.0016288  0.000790662  68.3134  4.37175  1.68854  0.950292  2.84651  4.64655  0.0177669  16.8419
  IntermediateACh2  13.1067  15.104  7.55584  13.1304  3.86395  18.3256  0.0311781  5.01094  1.56761  0.0250467  22.2788
  Active  0.000104998  0.00146718  0.00110168  0.00172765  0.00210825  0.00361607  0.0298313  0.0849716  0.0413401  99.6934  0.140348
  Intermediate  0.000498258  0.000600103  0.000258365  0.0300408  0.230502  0.0212396  75.968  5.07922  18.5722  0.0194638  0.0779581
  ActiveACh2  1.2263  16.4523  32.3796  3.40619  6.00018  3.55088  1.72925  7.18163  5.10504  0.0287068  22.9399
  Desensitised  0.000518704  2.61652e-06  1.30734e-06  0.221586  0.014183  72.4627  4.6769  4.80792  17.7353  0.00729214  0.0735711
  DesensitisedACh2  21.8285  0.111541  0.0525749  28.7293  1.94354  28.2148  2.11593  0.686838  9.04292  0.00415628  7.2699

Slow space
Rows: Species
Column: Contribution to slow space
  1 slow; 10 fast
  ACh  0.00224657
  IntermediateACh  0.160345
  ActiveACh  0.000672646
  BasalACh  0.00173758
  DesensitisedACh  33.1705
  IntermediateACh2  0.158136
  Active  0.000705972
  Intermediate  0.162487
  ActiveACh2  0.00217593
  Desensitised  33.1728
  DesensitisedACh2  33.1682

Fast space
Rows: Species
Column: Contribution to fast space
  1 slow; 10 fast
  ACh  11.6507
  IntermediateACh  8.32119
  ActiveACh  8.15924
  BasalACh  12.2334
  DesensitisedACh  7.97331
  IntermediateACh2  9.63315
  Active  5.67433
  Intermediate  7.21809
  ActiveACh2  12.51
  Desensitised  7.55242
  DesensitisedACh2  9.07416

Reactions slow space
Rows: Reactions
Column: Contribution to slow space 
  React0  -0.000511355
  React1  -0.00400267
  React2  0.00218604
  React3  -0.0022905
  React4  -0.000746744
  React5  0.000709253
  React6  -0.00106989
  React7  -0.00440885
  React8  -0.00447644
  React9  0.162533
  React10  0.160415
  React11  0.156685
  React12  -0.0045932
  React13  -0.0045932
  React14  33.1638
  React15  33.1636
  React16  33.1635


**************** Time step 6: 0.06 s **************************  

Contribution of species to modes
Rows : contribution to  mode (TS - corresponding timescale)
Columns: species     ACh   IntermediateACh   ActiveACh   BasalACh   DesensitisedACh   IntermediateACh2   Active   Intermediate   ActiveACh2   Desensitised   DesensitisedACh2
  Slow (21.1368):  0.00228664 0.161773 0.000674238 0.00176995 33.169 0.15953 0.000712684 0.163948 0.00221451 33.1714 33.1667
  Fast (0.0969406):  35.7729 0.14497 0.244285 5.27474 0.107459 22.3275 0.000761516 0.000233598 18.7455 0.000166089 17.3816
  Fast (0.00209017):  33.144 0.0594168 0.048004 3.72421 0.0692269 11.2901 0.000585046 7.87255e-05 40.4622 0.000106952 11.2021
  Fast (0.000770326):  2.80042 9.37392 0.261559 7.065 60.2212 6.51745 0.00113028 0.0288706 6.59665 0.186201 6.94763
  Fast (0.000769085):  3.43986 57.6049 0.278786 8.69809 5.03816 8.46489 0.00129671 0.17785 8.14034 0.01565 8.1402
  Fast (0.000385165):  3.78415 1.02369 0.529287 16.6826 1.23763 2.62134 0.00267114 0.0185989 3.01877 68.4592 2.62203
  Fast (0.000384607):  3.46428 1.14072 0.519632 15.2601 0.923491 2.40307 0.0206279 66.8273 2.76628 4.2721 2.40243
  Fast (0.000246961):  5.78283 2.23632 50.912 7.61609 2.20096 7.8739 0.0460344 3.50541 8.48036 3.47206 7.87405
  Fast (8.8095e-05):  8.01916 2.99098 10.373 39.3903 2.98878 4.68266 0.0187959 10.6691 5.52439 10.6601 4.68272
  Fast (7.45624e-05):  0.0347366 0.0248826 0.122605 0.00661435 0.0249079 0.0594739 99.5723 0.024764 0.0606172 0.00965797 0.0594739
  Fast (2.127e-05):  8.98274 9.01513 8.96695 9.64167 9.01513 17.9937 0.0519438 0.0365018 18.2659 0.0365025 17.9937

Modes distribution for species
Rows: Mode distribution for each species
Columns: Modes (TS - corresponding  timescale)
  Slow (21.1368)  Fast (0.0969406)  Fast (0.00209017)  Fast (0.000770326)  Fast (0.000769085)  Fast (0.000385165)  Fast (0.000384607)  Fast (0.000246961)  Fast (8.8095e-05)  Fast (7.45624e-05)  Fast (2.127e-05)
  ACh  2.30877  31.9903  28.4097  0.626211  2.76655  5.55627  2.19486  5.30295  7.51618  0.0183173  13.3099
  IntermediateACh  0.279521  0.330821  0.151225  9.72614  64.0088  0.594251  1.12269  2.82327  4.51024  0.0170263  16.436
  ActiveACh  0.0242868  0.329663  0.0538927  0.261821  0.32202  0.485906  0.523701  65.368  15.8983  0.0853651  16.647
  BasalACh  0.345192  4.76739  3.25001  4.84276  6.7145  10.4758  10.2878  6.48795  40.5202  0.00342646  12.305
  DesensitisedACh  0.318308  0.00161764  0.000812523  67.2341  5.88332  1.65504  0.924675  2.80779  4.55304  0.0172338  16.6041
  IntermediateACh2  13.1294  15.0711  7.68694  13.2322  3.56613  18.3554  0.0397672  5.02474  1.55051  0.024702  22.319
  Active  0.000107273  0.00147902  0.00109458  0.00167822  0.00215094  0.00362006  0.0298316  0.0850063  0.041426  99.695  0.138617
  Intermediate  0.000503724  0.000612436  0.000254208  0.0356297  0.231229  0.0212885  76.0168  5.09153  18.5057  0.0194995  0.077044
  ActiveACh2  1.2279  16.2465  32.5526  3.27534  6.09362  3.55045  1.72852  7.20467  5.1119  0.0283483  22.9802
  Desensitised  0.000525516  2.64391e-06  1.38658e-06  0.222692  0.0194892  72.5328  4.64593  4.82159  17.677  0.00727089  0.0726632
  DesensitisedACh2  21.7079  0.111426  0.0535441  28.5104  2.60031  28.0636  2.08357  0.686055  8.95066  0.00401583  7.22849

Slow space
Rows: Species
Column: Contribution to slow space
  1 slow; 10 fast
  ACh  0.00228664
  IntermediateACh  0.161773
  ActiveACh  0.000674238
  BasalACh  0.00176995
  DesensitisedACh  33.169
  IntermediateACh2  0.15953
  Active  0.000712684
  Intermediate  0.163948
  ActiveACh2  0.00221451
  Desensitised  33.1714
  DesensitisedACh2  33.1667

Fast space
Rows: Species
Column: Contribution to fast space
  1 slow; 10 fast
  ACh  11.6158
  IntermediateACh  8.41068
  ActiveACh  8.15104
  BasalACh  12.1939
  DesensitisedACh  8.07348
  IntermediateACh2  9.6237
  Active  5.66443
  Intermediate  7.20265
  ActiveACh2  12.4703
  Desensitised  7.53404
  DesensitisedACh2  9.05995

Reactions slow space
Rows: Reactions
Column: Contribution to slow space 
  React0  -0.000519113
  React1  -0.0040756
  React2  0.00222489
  React3  -0.00233598
  React4  -0.000749858
  React5  0.000716025
  React6  -0.00110084
  React7  -0.0044821
  React8  -0.00455071
  React9  0.164
  React10  0.161854
  React11  0.158053
  React12  -0.00466925
  React13  -0.00466925
  React14  33.1622
  React15  33.162
  React16  33.1619


**************** Time step 7: 0.07 s **************************  

Contribution of species to modes
Rows : contribution to  mode (TS - corresponding timescale)
Columns: species     ACh   IntermediateACh   ActiveACh   BasalACh   DesensitisedACh   IntermediateACh2   Active   Intermediate   ActiveACh2   Desensitised   DesensitisedACh2
  Slow (21.1511):  0.00232424 0.163113 0.000675666 0.00180034 33.1677 0.160839 0.000718973 0.165318 0.00225074 33.17 33.1653
  Fast (0.0977645):  36.0566 0.14724 0.244056 5.26985 0.107611 22.3257 0.000768781 0.000240717 18.5384 0.000167252 17.3095
  Fast (0.0021072):  32.8453 0.0582542 0.0509056 3.64153 0.0704925 11.4346 0.00058022 7.35968e-05 40.5528 0.000109497 11.3454
  Fast (0.000774577):  2.72939 10.5385 0.254646 6.83564 59.9263 6.32377 0.00110137 0.0326455 6.40994 0.186314 6.76173
  Fast (0.000773293):  3.44866 56.5374 0.27909 8.66466 6.1116 8.46473 0.00129978 0.175521 8.14642 0.0190733 8.15155
  Fast (0.000387291):  3.7557 1.01244 0.529302 16.6491 1.22789 2.61576 0.00267888 0.0186483 3.01367 68.5583 2.61647
  Fast (0.000386727):  3.44002 1.13236 0.519587 15.2374 0.913728 2.39919 0.0206542 66.9269 2.76301 4.24863 2.39854
  Fast (0.000247407):  5.77697 2.23507 50.8443 7.68211 2.19965 7.87452 0.0460046 3.50814 8.48346 3.47512 7.87467
  Fast (8.82587e-05):  7.97811 2.97773 10.4401 39.4507 2.97558 4.68057 0.0188507 10.6404 5.52588 10.6314 4.68064
  Fast (7.46418e-05):  0.0343226 0.0245137 0.122308 0.00624391 0.0245386 0.0587047 99.5764 0.0247971 0.0598362 0.00962628 0.0587047
  Fast (2.12715e-05):  8.98312 9.01544 8.96753 9.63852 9.01528 17.9948 0.0513562 0.0360917 18.267 0.0361018 17.9948

Modes distribution for species
Rows: Mode distribution for each species
Columns: Modes (TS - corresponding  timescale)
  Slow (21.1511)  Fast (0.0977645)  Fast (0.0021072)  Fast (0.000774577)  Fast (0.000773293)  Fast (0.000387291)  Fast (0.000386727)  Fast (0.000247407)  Fast (8.82587e-05)  Fast (7.46418e-05)  Fast (2.12715e-05)
  ACh  2.34824  32.1322  28.1754  0.72227  2.75834  5.58489  2.17273  5.30353  7.44933  0.0181089  13.335
  IntermediateACh  0.27793  0.329835  0.149772  10.8944  63.1499  0.574769  1.10163  2.79582  4.44018  0.0166026  16.2692
  ActiveACh  0.0244995  0.328403  0.0574364  0.254553  0.326572  0.484674  0.522642  65.3043  15.9748  0.0850994  16.637
  BasalACh  0.348964  4.75945  3.19039  4.69075  6.79437  10.452  10.2748  6.56064  40.603  0.00325642  12.3224
  DesensitisedACh  0.316437  0.00160812  0.000835951  66.3222  7.15125  1.62727  0.90307  2.77601  4.4753  0.0167787  16.4092
  IntermediateACh2  13.1498  15.0396  7.80677  13.3151  3.30795  18.3818  0.0476137  5.03727  1.5348  0.0243881  22.3549
  Active  0.000109413  0.0014898  0.00108798  0.00163482  0.00218693  0.00362359  0.0298319  0.0850375  0.0415056  99.6964  0.137051
  Intermediate  0.000508767  0.000623944  0.000250399  0.0404972  0.231839  0.021333  76.0621  5.10259  18.4445  0.0195323  0.076216
  ActiveACh2  1.22939  16.0571  32.7112  3.16095  6.17287  3.55008  1.72788  7.22614  5.1184  0.0280241  23.018
  Desensitised  0.000531845  2.66425e-06  1.46938e-06  0.223636  0.0241163  72.5978  4.61753  4.83387  17.6234  0.0072515  0.0718993
  DesensitisedACh2  21.6089  0.111384  0.0544661  28.316  3.15928  27.9396  2.05528  0.685676  8.87144  0.00389109  7.19404

Slow space
Rows: Species
Column: Contribution to slow space
  1 slow; 10 fast
  ACh  0.00232424
  IntermediateACh  0.163113
  ActiveACh  0.000675666
  BasalACh  0.00180034
  DesensitisedACh  33.1677
  IntermediateACh2  0.160839
  Active  0.000718973
  Intermediate  0.165318
  ActiveACh2  0.00225074
  Desensitised  33.17
  DesensitisedACh2  33.1653

Fast space
Rows: Species
Column: Contribution to fast space
  1 slow; 10 fast
  ACh  11.5857
  IntermediateACh  8.48556
  ActiveACh  8.14521
  BasalACh  12.16
  DesensitisedACh  8.15762
  IntermediateACh2  9.61658
  Active  5.65658
  Intermediate  7.18998
  ActiveACh2  12.4359
  Desensitised  7.51876
  DesensitisedACh2  9.04808

Reactions slow space
Rows: Reactions
Column: Contribution to slow space 
  React0  -0.000526381
  React1  -0.00414407
  React2  0.00226138
  React3  -0.00237874
  React4  -0.000752707
  React5  0.00072237
  React6  -0.00112998
  React7  -0.00455081
  React8  -0.00462038
  React9  0.165377
  React10  0.163205
  React11  0.159337
  React12  -0.00474059
  React13  -0.00474059
  React14  33.1607
  React15  33.1605
  React16  33.1604


**************** Time step 8: 0.08 s **************************  

Contribution of species to modes
Rows : contribution to  mode (TS - corresponding timescale)
Columns: species     ACh   IntermediateACh   ActiveACh   BasalACh   DesensitisedACh   IntermediateACh2   Active   Intermediate   ActiveACh2   Desensitised   DesensitisedACh2
  Slow (21.1645):  0.00235946 0.164369 0.000676947 0.00182881 33.1664 0.162065 0.000724853 0.166603 0.00228467 33.1688 33.1639
  Fast (0.0985366):  36.3175 0.149356 0.243831 5.26501 0.107743 22.325 0.000775473 0.000247404 18.3481 0.000168315 17.2423
  Fast (0.00212288):  32.572 0.0572073 0.053557 3.56652 0.0716576 11.5665 0.000575773 6.88904e-05 40.6355 0.000111857 11.4763
  Fast (0.000778491):  2.66849 11.5412 0.248687 6.63785 59.6718 6.15713 0.00107645 0.0359391 6.24936 0.186462 6.60199
  Fast (0.000777167):  3.45672 55.6394 0.279319 8.63408 7.01497 8.46506 0.00130248 0.173609 8.152 0.0219924 8.16154
  Fast (0.000389249):  3.72977 1.00218 0.529322 16.6185 1.21895 2.61067 0.00268598 0.0186933 3.00901 68.6488 2.61138
  Fast (0.000388678):  3.41786 1.12476 0.519554 15.2165 0.904749 2.39562 0.0206783 67.0181 2.75999 4.22723 2.39497
  Fast (0.000247814):  5.77148 2.23396 50.7825 7.74244 2.19865 7.87507 0.0459773 3.51056 8.48629 3.47784 7.87522
  Fast (8.84085e-05):  7.94051 2.9656 10.5017 39.506 2.96333 4.67863 0.0189014 10.6142 5.52724 10.6052 4.6787
  Fast (7.47142e-05):  0.0339473 0.0241794 0.12204 0.00590837 0.0242048 0.0580074 99.5802 0.0248272 0.0591282 0.00959758 0.0580074
  Fast (2.12729e-05):  8.98345 9.0157 8.96804 9.63563 9.01566 17.9957 0.0508236 0.0357201 18.2679 0.0357231 17.9957

Modes distribution for species
Rows: Mode distribution for each species
Columns: Modes (TS - corresponding  timescale)
  Slow (21.1645)  Fast (0.0985366)  Fast (0.00212288)  Fast (0.000778491)  Fast (0.000777167)  Fast (0.000389249)  Fast (0.000388678)  Fast (0.000247814)  Fast (8.84085e-05)  Fast (7.47142e-05)  Fast (2.12729e-05)
  ACh  2.38529  32.2611  27.9612  0.80827  2.74925  5.61256  2.15266  5.30423  7.38834  0.0179208  13.3592
  IntermediateACh  0.27671  0.329212  0.1486  11.886  62.4162  0.557777  1.08362  2.77334  4.38066  0.0162369  16.1317
  ActiveACh  0.0246976  0.327214  0.0606727  0.248159  0.33035  0.483551  0.521685  65.2461  16.0448  0.084859  16.6279
  BasalACh  0.352483  4.75172  3.13608  4.5573  6.86006  10.4304  10.263  6.62749  40.6796  0.00310207  12.3387
  DesensitisedACh  0.315034  0.00159952  0.000860569  65.5451  8.22495  1.60375  0.884444  2.75007  4.40912  0.0163878  16.2487
  IntermediateACh2  13.1681  15.0095  7.9162  13.3827  3.08331  18.4053  0.0547992  5.04866  1.52029  0.0241024  22.3871
  Active  0.000111421  0.00149963  0.00108185  0.00159653  0.00221749  0.00362677  0.0298322  0.0850657  0.041579  99.6978  0.135631
  Intermediate  0.000513411  0.000634659  0.000246907  0.0447559  0.23236  0.0213736  76.1038  5.11261  18.3887  0.0195623  0.075466
  ActiveACh2  1.23076  15.8828  32.8562  3.06117  6.24067  3.5498  1.72732  7.24597  5.12443  0.0277303  23.0531
  Desensitised  0.000537714  2.67783e-06  1.55533e-06  0.224452  0.028168  72.6573  4.59168  4.84502  17.5744  0.00723397  0.0711753
  DesensitisedACh2  21.5269  0.111394  0.0553379  28.1432  3.63825  27.8371  2.03037  0.685423  8.80268  0.0037804  7.16556

Slow space
Rows: Species
Column: Contribution to slow space
  1 slow; 10 fast
  ACh  0.00235946
  IntermediateACh  0.164369
  ActiveACh  0.000676947
  BasalACh  0.00182881
  DesensitisedACh  33.1664
  IntermediateACh2  0.162065
  Active  0.000724853
  Intermediate  0.166603
  ActiveACh2  0.00228467
  Desensitised  33.1688
  DesensitisedACh2  33.1639

Fast space
Rows: Species
Column: Contribution to fast space
  1 slow; 10 fast
  ACh  11.5597
  IntermediateACh  8.54873
  ActiveACh  8.14112
  BasalACh  12.1305
  DesensitisedACh  8.22887
  IntermediateACh2  9.61127
  Active  5.65028
  Intermediate  7.17951
  ActiveACh2  12.406
  Desensitised  7.50596
  DesensitisedACh2  9.03811

Reactions slow space
Rows: Reactions
Column: Contribution to slow space 
  React0  -0.000533176
  React1  -0.00420821
  React2  0.00229555
  React3  -0.00241883
  React4  -0.000755312
  React5  0.000728304
  React6  -0.00115735
  React7  -0.00461513
  React8  -0.00468559
  React9  0.166667
  React10  0.164471
  React11  0.160541
  React12  -0.00480736
  React13  -0.00480735
  React14  33.1593
  React15  33.1591
  React16  33.159


**************** Time step 9: 0.09 s **************************  

Contribution of species to modes
Rows : contribution to  mode (TS - corresponding timescale)
Columns: species     ACh   IntermediateACh   ActiveACh   BasalACh   DesensitisedACh   IntermediateACh2   Active   Intermediate   ActiveACh2   Desensitised   DesensitisedACh2
  Slow (21.177):  0.00239237 0.165542 0.000678097 0.00185543 33.1652 0.163211 0.000730341 0.167803 0.00231639 33.1676 33.1627
  Fast (0.0992586):  36.5574 0.151327 0.243611 5.26029 0.107858 22.3251 0.000781632 0.000253667 18.1734 0.000169287 17.1798
  Fast (0.00213731):  32.3221 0.0562637 0.055979 3.49845 0.0727291 11.6869 0.000571679 6.4574e-05 40.7111 0.00011404 11.5958
  Fast (0.000782092):  2.61578 12.4101 0.243525 6.46643 59.4512 6.01266 0.0010549 0.038829 6.11016 0.186634 6.46365
  Fast (0.000780732):  3.46407 54.8766 0.279492 8.60613 7.78271 8.46568 0.00130488 0.172024 8.15709 0.0245043 8.17036
  Fast (0.00039105):  3.70611 0.992829 0.529332 16.5903 1.21083 2.606 0.00269248 0.0187348 3.00472 68.7317 2.60672
  Fast (0.000390474):  3.39762 1.11783 0.519515 15.1972 0.896567 2.39233 0.0207004 67.1018 2.7572 4.20765 2.39166
  Fast (0.000248186):  5.76636 2.233 50.7262 7.7976 2.19778 7.87559 0.0459523 3.51265 8.4889 3.48025 7.87574
  Fast (8.85456e-05):  7.90607 2.95449 10.5581 39.5566 2.95216 4.67686 0.0189481 10.5901 5.52849 10.5813 4.67693
  Fast (7.47804e-05):  0.033607 0.0238764 0.121796 0.00560441 0.0239021 0.0573751 99.5836 0.0248546 0.0584862 0.00957146 0.0573752
  Fast (2.12742e-05):  8.98375 9.01593 8.96849 9.63299 9.01601 17.9965 0.0503408 0.0353831 18.2688 0.0353802 17.9965

Modes distribution for species
Rows: Mode distribution for each species
Columns: Modes (TS - corresponding  timescale)
  Slow (21.177)  Fast (0.0992586)  Fast (0.00213731)  Fast (0.000782092)  Fast (0.000780732)  Fast (0.00039105)  Fast (0.000390474)  Fast (0.000248186)  Fast (8.85456e-05)  Fast (7.47804e-05)  Fast (2.12742e-05)
  ACh  2.41999  32.378  27.7655  0.88563  2.73972  5.63907  2.13442  5.305  7.33266  0.0177509  13.3822
  IntermediateACh  0.275771  0.32885  0.147647  12.7345  61.7851  0.542846  1.06805  2.75474  4.32957  0.0159187  16.0171
  ActiveACh  0.0248816  0.326098  0.0636272  0.242522  0.33351  0.482516  0.520802  65.193  16.1087  0.0846413  16.6197
  BasalACh  0.35576  4.74424  3.0866  4.43989  6.91452  10.4107  10.2522  6.68892  40.7503  0.00296194  12.3539
  DesensitisedACh  0.313982  0.00159137  0.000886089  64.8778  9.14207  1.5837  0.868313  2.72852  4.35249  0.0160488  16.1146
  IntermediateACh2  13.1843  14.9808  8.01607  13.4384  2.88705  18.4262  0.0613696  5.059  1.50693  0.023842  22.416
  Active  0.000113302  0.00150858  0.00107617  0.00156274  0.00224364  0.0036296  0.0298324  0.0850911  0.0416468  99.699  0.134344
  Intermediate  0.000517686  0.000644616  0.000243709  0.0484985  0.232815  0.0214112  76.1423  5.12163  18.3375  0.0195897  0.0747858
  ActiveACh2  1.23204  15.7226  32.9888  2.97364  6.29911  3.54956  1.72681  7.26428  5.13004  0.0274639  23.0857
  Desensitised  0.000543148  2.68501e-06  1.64405e-06  0.225167  0.0317314  72.712  4.56805  4.85511  17.5296  0.00721805  0.0705197
  DesensitisedACh2  21.4583  0.111442  0.0561582  27.9897  4.05139  27.7514  2.00832  0.685309  8.74264  0.00368159  7.14166

Slow space
Rows: Species
Column: Contribution to slow space
  1 slow; 10 fast
  ACh  0.00239237
  IntermediateACh  0.165542
  ActiveACh  0.000678097
  BasalACh  0.00185543
  DesensitisedACh  33.1652
  IntermediateACh2  0.163211
  Active  0.000730341
  Intermediate  0.167803
  ActiveACh2  0.00231639
  Desensitised  33.1676
  DesensitisedACh2  33.1627

Fast space
Rows: Species
Column: Contribution to fast space
  1 slow; 10 fast
  ACh  11.5368
  IntermediateACh  8.60248
  ActiveACh  8.13833
  BasalACh  12.1048
  DesensitisedACh  8.28969
  IntermediateACh2  9.60734
  Active  5.6452
  Intermediate  7.17076
  ActiveACh2  12.3797
  Desensitised  7.49513
  DesensitisedACh2  9.02966

Reactions slow space
Rows: Reactions
