Linear Noise Approximation Task

Problem Description:
Calculation of a steady state is requested before the LNA.

Steady-State Task

Problem Description:
    JacobianRequested: 1
    StabilityAnalysisRequested: 1

Method: Enhanced Newton
    Resolution: 1e-09
    Derivation Factor: 0.001
    Use Newton: 1
    Use Integration: 1
    Use Back Integration: 1
    Accept Negative Concentrations: 0
    Iteration Limit: 50
    Maximum duration for forward integration: 1e+09
    Maximum duration for backward integration: 1e+06



Method: Linear Noise Approximation



Linear Noise Approximation Result:

A steady state was found. All coefficients are shown.

Covariance matrix
Covariance matrix
Rows:    Species (full system)
Columns: Species (full system)
	MEK-PP	RAF-P	MAPK phosphatase	MEK phosphatase	MAPK-P	MEK-P	RAF	RAF phosphatase	MAPK	MEK_RAF-P	MAPK-P_MEK-PP	MEK-P_MEKPase	MAPK-PP_MAPKPase	MEK-P_RAF-P	MAPK-PP	MEK	RAFK	MAPK_MEK-PP	MAPK-P_MAPKPase	RAF-P_RAFPase	MEK-PP_MEKPase	RAF_RAFK
MEK-PP	4.31104e+15	1.11612e+15	-2.02492e+15	6.47361e+14	1.18485e+15	-3.97255e+14	-2.17461e+14	-2.02661e+14	-2.46373e+15	-8.02582e+14	1.3171e+14	-5.62985e+14	3.20023e+14	-2.23251e+14	1.79933e+14	-1.31462e+15	7.54841e+13	-1.05769e+15	1.7049e+15	2.02661e+14	-8.43758e+13	-7.54841e+13
RAF-P	1.11612e+15	4.66279e+16	-3.34563e+15	-3.41911e+15	1.5514e+15	1.41378e+15	-2.39617e+16	5.46949e+15	-1.16326e+16	-7.93277e+15	9.74889e+14	1.79627e+15	5.93623e+14	-1.85113e+15	2.93551e+14	-2.60716e+15	7.41278e+15	5.46717e+15	2.75201e+15	-5.46949e+15	1.62284e+15	-7.41278e+15
MAPK phosphatase	-2.02492e+15	-3.34563e+15	3.79643e+16	1.57899e+15	-3.98551e+15	8.56785e+14	3.00957e+13	7.34303e+14	4.95993e+16	3.56644e+15	-2.06576e+15	1.90407e+15	-4.30485e+15	4.41444e+14	-9.44905e+14	5.44379e+15	-4.19523e+13	-4.63879e+15	-3.36595e+16	-7.34303e+14	-3.48306e+15	4.19523e+13
MEK phosphatase	6.47361e+14	-3.41911e+15	1.57899e+15	1.63734e+16	-6.56407e+14	1.67745e+15	-1.7301e+14	6.17134e+14	-2.38399e+15	3.13699e+15	2.79828e+14	-1.10785e+16	-2.19196e+14	1.10618e+15	-9.88856e+13	5.08712e+15	3.39156e+13	4.43845e+15	-1.35979e+15	-6.17134e+14	-5.29485e+15	-3.39156e+13
MAPK-P	1.18485e+15	1.5514e+15	-3.98551e+15	-6.56407e+14	1.48981e+16	-4.22548e+14	-6.46173e+13	-3.3936e+14	-2.20512e+16	-1.56484e+15	8.55033e+14	-8.95189e+14	8.47195e+14	-2.26399e+14	3.7526e+14	-2.41987e+15	3.48991e+13	1.93737e+15	3.13831e+15	3.3936e+14	1.5516e+15	-3.48991e+13
MEK-P	-3.97255e+14	1.41378e+15	8.56785e+14	1.67745e+15	-4.22548e+14	8.74491e+15	3.10344e+14	-2.00879e+14	3.86395e+15	-1.41967e+15	-3.32614e+14	-1.14109e+15	-1.60481e+14	-5.98626e+14	-8.15443e+13	-2.14883e+15	-9.32898e+13	-2.17046e+15	-6.96304e+14	2.00879e+14	-5.36367e+14	9.32898e+13
RAF	-2.17461e+14	-2.39617e+16	3.00957e+13	-1.7301e+14	-6.46173e+13	3.10344e+14	3.63955e+16	5.11103e+15	1.37752e+15	-1.77084e+15	-1.2517e+14	5.33343e+14	2.16716e+13	-2.23289e+15	7.13571e+11	5.02135e+15	3.31905e+15	-1.15835e+15	-5.17674e+13	-5.11103e+15	-3.60334e+14	-3.31905e+15
RAF phosphatase	-2.02661e+14	5.46949e+15	7.34303e+14	6.17134e+14	-3.3936e+14	-2.00879e+14	5.11103e+15	1.40693e+16	2.39722e+15	1.57348e+15	-2.0033e+14	-2.9816e+14	-1.29628e+14	3.94508e+14	-6.36428e+13	3.126e+14	-1.5208e+15	-1.05959e+15	-6.04676e+14	-1.40693e+16	-3.18973e+14	1.5208e+15
MAPK	-2.46373e+15	-1.16326e+16	4.95993e+16	-2.38399e+15	-2.20512e+16	3.86395e+15	1.37752e+15	2.39722e+15	1.06753e+17	1.00349e+16	-5.89798e+15	6.45432e+15	-6.71001e+15	2.09041e+15	-3.20067e+15	1.59919e+16	-5.2707e+14	-2.60034e+16	-4.28893e+16	-2.39722e+15	-4.07032e+15	5.2707e+14
MEK_RAF-P	-8.02582e+14	-7.93277e+15	3.56644e+15	3.13699e+15	-1.56484e+15	-1.41967e+15	-1.77084e+15	1.57348e+15	1.00349e+16	1.37006e+16	-8.22861e+14	-1.97006e+15	-6.65503e+14	-1.92286e+15	-3.13167e+14	-1.82808e+15	5.00635e+14	-3.76755e+15	-2.90094e+15	-1.57348e+15	-1.16692e+15	-5.00635e+14
MAPK-P_MEK-PP	1.3171e+14	9.74889e+14	-2.06576e+15	2.79828e+14	8.55033e+14	-3.32614e+14	-1.2517e+14	-2.0033e+14	-5.89798e+15	-8.22861e+14	3.06574e+15	-5.41421e+14	3.81673e+14	-1.80062e+14	1.75095e+14	-1.31843e+15	4.71266e+13	-2.63658e+14	1.68409e+15	2.0033e+14	2.61593e+14	-4.71266e+13
MEK-P_MEKPase	-5.62985e+14	1.79627e+15	1.90407e+15	-1.10785e+16	-8.95189e+14	-1.14109e+15	5.33343e+14	-2.9816e+14	6.45432e+15	-1.97006e+15	-5.41421e+14	1.29671e+16	-3.38649e+14	-8.16244e+14	-1.67688e+14	-3.10078e+15	-1.5853e+14	-2.94595e+15	-1.56542e+15	2.9816e+14	-1.88857e+15	1.5853e+14
MAPK-PP_MAPKPase	3.20023e+14	5.93623e+14	-4.30485e+15	-2.19196e+14	8.47195e+14	-1.60481e+14	2.16716e+13	-1.29628e+14	-6.71001e+15	-6.65503e+14	3.81673e+14	-3.38649e+14	3.17285e+15	-8.03624e+13	1.87379e+14	-1.00345e+15	-9.42534e+11	9.88906e+14	1.13201e+15	1.29628e+14	5.57845e+14	9.42534e+11
MEK-P_RAF-P	-2.23251e+14	-1.85113e+15	4.41444e+14	1.10618e+15	-2.26399e+14	-5.98626e+14	-2.23289e+15	3.94508e+14	2.09041e+15	-1.92286e+15	-1.80062e+14	-8.16244e+14	-8.03624e+13	7.08273e+15	-4.21576e+13	-1.85141e+15	6.81347e+14	-1.20034e+15	-3.61082e+14	-3.94508e+14	-2.89938e+14	-6.81347e+14
MAPK-PP	1.79933e+14	2.93551e+14	-9.44905e+14	-9.88856e+13	3.7526e+14	-8.15443e+13	7.13571e+11	-6.36428e+13	-3.20067e+15	-3.13167e+14	1.75095e+14	-1.67688e+14	1.87379e+14	-4.21576e+13	1.24532e+15	-4.77141e+14	2.58247e+12	4.60096e+14	7.57526e+14	6.36428e+13	2.66573e+14	-2.58247e+12
MEK	-1.31462e+15	-2.60716e+15	5.44379e+15	5.08712e+15	-2.41987e+15	-2.14883e+15	5.02135e+15	3.126e+14	1.59919e+16	-1.82808e+15	-1.31843e+15	-3.10078e+15	-1.00345e+15	-1.85141e+15	-4.77141e+14	1.98812e+16	-1.5779e+15	-6.33267e+15	-4.44034e+15	-3.126e+14	-1.98634e+15	1.5779e+15
RAFK	7.54841e+13	7.41278e+15	-4.19523e+13	3.39156e+13	3.48991e+13	-9.32898e+13	3.31905e+15	-1.5208e+15	-5.2707e+14	5.00635e+14	4.71266e+13	-1.5853e+14	-9.42534e+11	6.81347e+14	2.58247e+12	-1.5779e+15	1.34346e+16	4.0051e+14	4.28948e+13	1.5208e+15	1.24614e+14	-1.34346e+16
MAPK_MEK-PP	-1.05769e+15	5.46717e+15	-4.63879e+15	4.43845e+15	1.93737e+15	-2.17046e+15	-1.15835e+15	-1.05959e+15	-2.60034e+16	-3.76755e+15	-2.63658e+14	-2.94595e+15	9.88906e+14	-1.20034e+15	4.60096e+14	-6.33267e+15	4.0051e+14	1.92308e+16	3.64988e+15	1.05959e+15	-1.4925e+15	-4.0051e+14
MAPK-P_MAPKPase	1.7049e+15	2.75201e+15	-3.36595e+16	-1.35979e+15	3.13831e+15	-6.96304e+14	-5.17674e+13	-6.04676e+14	-4.28893e+16	-2.90094e+15	1.68409e+15	-1.56542e+15	1.13201e+15	-3.61082e+14	7.57526e+14	-4.44034e+15	4.28948e+13	3.64988e+15	3.25275e+16	6.04676e+14	2.92522e+15	-4.28948e+13
RAF-P_RAFPase	2.02661e+14	-5.46949e+15	-7.34303e+14	-6.17134e+14	3.3936e+14	2.00879e+14	-5.11103e+15	-1.40693e+16	-2.39722e+15	-1.57348e+15	2.0033e+14	2.9816e+14	1.29628e+14	-3.94508e+14	6.36428e+13	-3.126e+14	1.5208e+15	1.05959e+15	6.04676e+14	1.40693e+16	3.18973e+14	-1.5208e+15
MEK-PP_MEKPase	-8.43758e+13	1.62284e+15	-3.48306e+15	-5.29485e+15	1.5516e+15	-5.36367e+14	-3.60334e+14	-3.18973e+14	-4.07032e+15	-1.16692e+15	2.61593e+14	-1.88857e+15	5.57845e+14	-2.89938e+14	2.66573e+14	-1.98634e+15	1.24614e+14	-1.4925e+15	2.92522e+15	3.18973e+14	7.18342e+15	-1.24614e+14
RAF_RAFK	-7.54841e+13	-7.41278e+15	4.19523e+13	-3.39156e+13	-3.48991e+13	9.32898e+13	-3.31905e+15	1.5208e+15	5.2707e+14	-5.00635e+14	-4.71266e+13	1.5853e+14	9.42534e+11	-6.81347e+14	-2.58247e+12	1.5779e+15	-1.34346e+16	-4.0051e+14	-4.28948e+13	-1.5208e+15	-1.24614e+14	1.34346e+16

Results of the steady state subtask (the state for which the LNA was performed):
A steady state with given resolution was found.

Species	Concentration (µmol/l)	Concentration Rate (µmol/(l*s))	Particle Number	Particle Number Rate (1/s)	Transition Time (s)
MAPK	0.258606	-1.82659e-17	1.55736e+17	-11	6.85255
MAPK_MEK-PP	0.0539124	2.24173e-17	3.24668e+16	13.5	1.42857
MAPK-P	0.0223302	1.02746e-17	1.34476e+16	6.1875	0.739048
MAPK phosphatase	0.241432	1.48411e-17	1.45394e+17	8.9375	8.24456
MAPK-P_MAPKPase	0.0539124	-1.49449e-17	3.24668e+16	-9	2
MAPK-P_MEK-PP	0.00465525	-2.59459e-19	2.80346e+15	-0.15625	1.42857
MAPK-PP	0.00192818	-2.07567e-19	1.16118e+15	-0.125	0.828389
MAPK-PP_MAPKPase	0.00465525	1.03784e-19	2.80346e+15	0.0625	2
MEK	0.0361604	-1.536e-17	2.17763e+16	-9.25	2.47162
MEK-P	0.0159279	-6.84972e-18	9.59201e+15	-4.125	0.501415
MEK phosphatase	0.158976	-1.6813e-17	9.57377e+16	-10.125	4.30581
MEK-P_MEKPase	0.0281351	5.39675e-18	1.69434e+16	3.25	1.11111
MEK-PP	0.00729655	-3.54421e-17	4.39409e+15	-21.3438	0.138725
MEK-PP_MEKPase	0.0128887	1.18313e-17	7.76173e+15	7.125	1.11111
MEK-P_RAF-P	0.0128887	-2.07567e-19	7.76173e+15	-0.125	2
MEK_RAF-P	0.0281351	1.61903e-17	1.69434e+16	9.75	1.92308
RAF	0.0807528	-7.88756e-18	4.86305e+16	-4.75	5.80753
RAFK	0.17219	-8.71783e-18	1.03695e+17	-5.25	12.3835
RAF-P	0.122604	-2.05492e-17	7.38339e+16	-12.375	3.2469
RAF phosphatase	0.27219	-4.56648e-18	1.63917e+17	-2.75	16.3127
RAF-P_RAFPase	0.0278097	4.56648e-18	1.67474e+16	2.75	1.66667
RAF_RAFK	0.0278097	8.71783e-18	1.67474e+16	5.25	2

Reaction	Flux (µmol/s)	Particle Flux (#/s)
binding of RAF and RAFK	0.0139048	8.3737e+15
dissociation of RAF_RAFK	0.0111239	6.69896e+15
phosphorylation of RAF	0.00278097	1.67474e+15
binding of RAF-P and RAF phosphatase	0.0166858	1.00484e+16
dissociation of RAF-P_RAFPase	0.0139048	8.3737e+15
dephosphorylation of RAF-P	0.00278097	1.67474e+15
binding of MEK and RAF-P	0.0146303	8.81054e+15
dissociation of MEK_RAF-P	0.0118167	7.11621e+15
phosphorylation of MEK	0.00281351	1.69434e+15
binding of MEK-P and MEK phosphatase	0.0253216	1.5249e+16
dissociation of MEK-P_MEKPase	0.0225081	1.35547e+16
dephosphorylation of MEK-P	0.00281351	1.69434e+15
binding of MEK-P and RAF-P	0.00644433	3.88086e+15
dissociation of MEK-P_RAF-P	0.00515546	3.10469e+15
phosphorylation of MEK-P	0.00128887	7.76173e+14
binding of MEK-PP and MEK phosphatase	0.0115998	6.98555e+15
dissociation of MEK-PP_MEKPase	0.0103109	6.20938e+15
dephosphorylation of MEK-PP	0.00128887	7.76173e+14
binding of MAPK and MEK-PP	0.0377387	2.27268e+16
dissociation of MAPK_MEK-PP	0.0323474	1.94801e+16
phosphorylation of MAPK	0.00539124	3.24668e+15
binding of MAPK-P and MAPK phosphatase	0.0269562	1.62334e+16
dissociation of MAPK-P_MAPKPase	0.021565	1.29867e+16
dephosphorylation of MAPK-P	0.00539124	3.24668e+15
binding of MAPK-P and MEK-PP	0.00325867	1.96242e+15
dissociation of MAPK-P_MEK-PP	0.00279315	1.68207e+15
phosphorylation of MAPK-P	0.000465525	2.80346e+14
binding of MAPK-PP and MAPK phosphatase	0.00232762	1.40173e+15
dissociation of MAPK-PP_MAPKPase	0.0018621	1.12138e+15
dephosphorylation of MAPK-PP	0.000465525	2.80346e+14

Jacobian (complete system)

Rows:    Variables of the system, including dependent species
Columns: Variables of the system, including dependent species
	MEK-PP	RAF-P	MAPK phosphatase	MEK phosphatase	MAPK-P	MEK-P	RAF	RAF phosphatase	MAPK	MEK_RAF-P	MAPK-P_MEK-PP	MEK-P_MEKPase	MAPK-PP_MAPKPase	MEK-P_RAF-P	MAPK-PP	MEK	RAFK	MAPK_MEK-PP	MAPK-P_MAPKPase	RAF-P_RAFPase	MEK-PP_MEKPase	RAF_RAFK
MEK-PP	-7.20849	-0	-0	-0.0729655	-0.145931	-0	-0	-0	-0.145931	-0	0.7	-0	-0	0.0999999	-0	-0	-0	0.7	-0	-0	0.8	-0
RAF-P	-0	-0.307987	-0	-0	-0	-0.404593	-0	-0.061302	-0	0.52	-0	-0	-0	0.5	-0	-0.404593	-0	-0	-0	0.5	-0	0.1
MAPK phosphatase	-0	-0	-0.121292	-0	-1.20716	-0	-0	-0	-0	-0	-0	-0	0.5	-0	-1.20716	-0	-0	-0	0.5	-0	-0	-0
MEK phosphatase	-1.58976	-0	-0	-0.232245	-0	-1.58976	-0	-0	-0	-0	-0	0.9	-0	-0	-0	-0	-0	-0	-0	-0	0.9	-0
MAPK-P	-0.446605	-0	-0.111651	-0	-1.35309	-0	-0	-0	-0	-0	0.6	-0	0.1	-0	-0	-0	-0	0.1	0.4	-0	-0	-0
MEK-P	-0	-0.0525621	-0	-0.159279	-0	-1.99436	-0	-0	-0	0.1	-0	0.8	-0	0.4	-0	-0	-0	-0	-0	-0	0.1	-0
RAF	-0	-0	-0	-0	-0	-0	-0.17219	-0	-0	-0	-0	-0	-0	-0	-0	-0	-0.0807528	-0	-0	0.1	-0	0.4
RAF phosphatase	-0	-0.136095	-0	-0	-0	-0	-0	-0.061302	-0	-0	-0	-0	-0	-0	-0	-0	-0	-0	-0	0.6	-0	-0
MAPK	-5.17213	-0	-0	-0	-0	-0	-0	-0	-0.145931	-0	-0	-0	-0	-0	-0	-0	-0	0.6	0.1	-0	-0	-0
MEK_RAF-P	-0	0.119329	-0	-0	-0	-0	-0	-0	-0	-0.52	-0	-0	-0	-0	-0	0.404593	-0	-0	-0	-0	-0	-0
MAPK-P_MEK-PP	0.446605	-0	-0	-0	0.145931	-0	-0	-0	-0	-0	-0.7	-0	-0	-0	-0	-0	-0	-0	-0	-0	-0	-0
MEK-P_MEKPase	-0	-0	-0	0.159279	-0	1.58976	-0	-0	-0	-0	-0	-0.9	-0	-0	-0	-0	-0	-0	-0	-0	-0	-0
MAPK-PP_MAPKPase	-0	-0	0.0096409	-0	-0	-0	-0	-0	-0	-0	-0	-0	-0.5	-0	1.20716	-0	-0	-0	-0	-0	-0	-0
MEK-P_RAF-P	-0	0.0525621	-0	-0	-0	0.404593	-0	-0	-0	-0	-0	-0	-0	-0.5	-0	-0	-0	-0	-0	-0	-0	-0
MAPK-PP	-0	-0	-0.0096409	-0	-0	-0	-0	-0	-0	-0	0.1	-0	0.4	-0	-1.20716	-0	-0	-0	-0	-0	-0	-0
MEK	-0	-0.119329	-0	-0	-0	-0	-0	-0	-0	0.42	-0	0.1	-0	-0	-0	-0.404593	-0	-0	-0	-0	-0	-0
RAFK	-0	-0	-0	-0	-0	-0	-0.17219	-0	-0	-0	-0	-0	-0	-0	-0	-0	-0.0807528	-0	-0	-0	-0	0.5
MAPK_MEK-PP	5.17213	-0	-0	-0	-0	-0	-0	-0	0.145931	-0	-0	-0	-0	-0	-0	-0	-0	-0.7	-0	-0	-0	-0
MAPK-P_MAPKPase	-0	-0	0.111651	-0	1.20716	-0	-0	-0	-0	-0	-0	-0	-0	-0	-0	-0	-0	-0	-0.5	-0	-0	-0
RAF-P_RAFPase	-0	0.136095	-0	-0	-0	-0	-0	0.061302	-0	-0	-0	-0	-0	-0	-0	-0	-0	-0	-0	-0.6	-0	-0
MEK-PP_MEKPase	1.58976	-0	-0	0.0729655	-0	-0	-0	-0	-0	-0	-0	-0	-0	-0	-0	-0	-0	-0	-0	-0	-0.9	-0
RAF_RAFK	-0	-0	-0	-0	-0	-0	0.17219	-0	-0	-0	-0	-0	-0	-0	-0	-0	0.0807528	-0	-0	-0	-0	-0.5

Eigenvalues	real	imaginary
	5.32306e-09	0
	2.82401e-09	0
	0	0
	0	0
	0	0
	-1.33912e-09	0
	-1.72786e-08	0
	-0.0316492	-0.00303025
	-0.0316492	0.00303025
	-0.050299	0
	-0.103543	0
	-0.114337	0
	-0.604174	0
	-0.703386	0
	-0.716756	0
	-0.746237	0
	-0.932034	0
	-1.07511	0
	-1.62872	0
	-1.89841	0
	-2.90778	0
	-8.06531	0

Jacobian (reduced system)

Rows:    Independent variables of the system
Columns: Independent variables of the system
	MEK-PP	RAF-P	MAPK phosphatase	MEK phosphatase	MAPK-P	MEK-P	RAF	RAF phosphatase	MAPK	MEK_RAF-P	MAPK-P_MEK-PP	MEK-P_MEKPase	MAPK-PP_MAPKPase	MEK-P_RAF-P	MAPK-PP
MEK-PP	-7.20849	-0	0.7	-0.872966	-0.845931	-0	-0	-0	-0.845931	-0	1.33763e-07	-0.8	-0	0.0999999	-0.700002
RAF-P	0.404593	-0.407987	0.404593	-0.404593	-0.404593	-1.5638e-07	-0.1	-0.461302	-0.404593	0.824593	-0	-0	-0	0.804593	-0.404593
MAPK phosphatase	-0	-0	-0.621292	-0	-1.20716	-0	-0	-0	-0	-0	-0	-0	-0	-0	-1.20716
MEK phosphatase	-1.58976	-0	-0	-1.13224	-0	-1.58976	-0	-0	-0	-0	-0	1.29107e-07	-0	-0	-0
MAPK-P	-0.446605	-0	-0.411651	-0	-1.45309	-0	-0	-0	-0.1	-0	0.5	-0	-0.3	-0	-0.1
MEK-P	-0	-0.0525621	-0	-0.259279	-0	-1.99436	-0	-0	-0	0.1	-0	0.7	-0	0.4	-0
RAF	-0	-0.480753	-0	-0	-0	-0	-0.652943	0.380753	-0	-0.480753	-0	-0	-0	-0.480753	-0
RAF phosphatase	-0	-0.136095	-0	-0	-0	-0	-0	-0.661302	-0	-0	-0	-0	-0	-0	-0
MAPK	-5.17213	-0	0.5	-0	-0.6	-0	-0	-0	-0.745931	-0	-0.6	-0	-0.1	-0	-0.600001
MEK_RAF-P	-0.404593	0.119329	-0.404593	0.404593	0.404593	-0.404593	-0	-0	0.404593	-0.924593	-0	-0	-0	-0.404593	0.404593
MAPK-P_MEK-PP	0.446605	-0	-0	-0	0.145931	-0	-0	-0	-0	-0	-0.7	-0	-0	-0	-0
MEK-P_MEKPase	-0	-0	-0	0.159279	-0	1.58976	-0	-0	-0	-0	-0	-0.9	-0	-0	-0
MAPK-PP_MAPKPase	-0	-0	0.0096409	-0	-0	-0	-0	-0	-0	-0	-0	-0	-0.5	-0	1.20716
MEK-P_RAF-P	-0	0.0525621	-0	-0	-0	0.404593	-0	-0	-0	-0	-0	-0	-0	-0.5	-0
MAPK-PP	-0	-0	-0.0096409	-0	-0	-0	-0	-0	-0	-0	0.1	-0	0.4	-0	-1.20716

Eigenvalues	real	imaginary
	-0.0316492	-0.00303023
	-0.0316492	0.00303023
	-0.050299	0
	-0.103543	0
	-0.114337	0
	-0.604174	0
	-0.703386	0
	-0.716756	0
	-0.746237	0
	-0.932034	0
	-1.07511	0
	-1.62872	0
	-1.89841	0
	-2.90778	0
	-8.06531	0

Stability Analysis of the Reduced System

KINETIC STABILITY ANALYSIS
The linear stability analysis based on the eigenvalues
of the Jacobian matrix is only valid for steady states.

Summary:
This state is asymptotically stable,
transient states in its vicinity have oscillatory components.

Eigenvalue statistics:
 Largest real part: -0.0316492
 Largest absolute imaginary part:  0.00303023
 The complex eigenvalues with the largest real part are:  -0.0316492 +|- 0.00303023i
 13 are purely real
 0 are purely imaginary
 2 are complex
 0 are equal to zero
 0 have positive real part
 15 have negative real part
 stiffness = 254.834
 time hierarchy = 0.233826



